Dataset: univ ;Number of epochs: 100
obs_len	pred_len	avg_train_loss	avg_test_loss	std_train_loss	avg_train_dispacement	final_train_displacement	avg_test_displacement	final_test_displacementNum_Train_peds	Num_Test_Peds
2	2	0.09100206518540933	0.1278603269281436	0.05004935070647949	0.4988620166953385	0.58823908156764	0.4125115108554927	0.5009926731624553	23041	37219
2	3	0.1454019743747409	0.20510487402884328	0.06259258706768961	0.604361153544838	0.785446366656833	0.5106813505373693	0.6862570869877596	21998	36370
2	4	0.21386935731547105	0.3494822289699163	0.09686932231130731	0.7047505701945415	0.9736995224175877	0.6809009850747942	0.9587155993319396	20978	35524
2	5	0.30191462150671416	0.44260205183273704	0.14386872892242897	0.8182917964286891	1.186962290316189	0.7422936852568338	1.1197887297456504	19956	34682
2	6	0.3979717088916472	0.7545250000097813	0.20233359948569718	0.9027652575277981	1.346500963527345	0.9768651105722592	1.4927703330171693	18948	33844
2	7	0.48985535507276107	0.8494268078164956	0.23515933592498353	1.0338945490804743	1.5892439486880237	1.0339560443293965	1.6675178431046196	17950	33011
2	8	0.6152022981625421	1.0977742066702891	0.30667868120282055	1.094735074464271	1.7144430083119455	1.1627293308700752	1.8886125028696896	16977	32183
2	9	0.7180058347523972	1.3865467729963787	0.35402176913710437	1.2170068908012908	1.9501420200750634	1.3048149256150758	2.2009154129037176	16025	31358
2	10	0.9862271801280816	1.816361379746946	0.5054370326199767	1.3495532132427233	2.185058873869404	1.4932266073536686	2.478910185122639	15110	30540
2	11	1.0716009998962	2.142683583220052	0.551950822553103	1.4186264966309947	2.3279152116858866	1.6158136705282091	2.7448723548472453	14225	29728
2	12	1.3122886513408862	3.2607880234718323	0.6409296344885282	1.5330403744557222	2.523907860897413	2.031993648957769	3.4143741043625906	13370	28926
Dataset: univ ;Number of epochs: 100
obs_len	pred_len	avg_train_loss	avg_test_loss	std_train_loss	avg_train_dispacement	final_train_displacement	avg_test_displacement	final_test_displacementNum_Train_peds	Num_Test_Peds
3	2	0.059893059840762944	0.08130486005423021	0.02656940511173906	0.42683731310498124	0.49261540247065266	0.32101812844201755	0.3840783575648428	21998	36370
3	3	0.09139353188660902	0.1706470923163952	0.04170098297877543	0.5012706395049448	0.6328252734021133	0.47557400383828535	0.629010414547201	20978	35524
3	4	0.11512386731079055	0.19691046957786268	0.05498348843045285	0.5684790355056137	0.7655367769387408	0.4987768343473609	0.729828507426518	19956	34682
3	5	0.18095425960740874	0.3850527442418612	0.07993446524386509	0.6722957626747545	0.9441804878852831	0.7066173035344355	1.0746045924980736	18948	33844
3	6	0.2394396176278327	0.4534279633428633	0.11292775339397662	0.725627338060725	1.0551545042104418	0.7533837476602875	1.1790102977239927	17950	33011
3	7	0.30021241727138187	0.621630936707418	0.15520831661614848	0.8153835236041111	1.2158957952802185	0.8809224044092299	1.4116900097112686	16977	32183
3	8	0.4118850425858596	0.810436175277196	0.20309856139223698	0.9224854150241284	1.3988352275802194	1.0001372318852884	1.6162311668189613	16025	31358
3	9	0.4381408916780125	1.0494982510650714	0.21817620974389293	0.9685792494206159	1.4946742074183699	1.1353259908957578	1.8965522419417433	15110	30540
3	10	0.5359629902155808	1.4196724301792798	0.2664501784726123	1.053446353532418	1.6562903958506128	1.3275102236170753	2.23461203306864	14225	29728
3	11	0.6354738085001653	1.7480729930102825	0.32321078554480515	1.137899676776134	1.8006255299759837	1.4654540640697045	2.437255376821707	13370	28926
3	12	0.7192783964790772	1.958799745887518	0.420535090760146	1.166397380940341	1.8631189202523988	1.545098028911056	2.704879707644554	12562	28135
Dataset: univ ;Number of epochs: 100
obs_len	pred_len	avg_train_loss	avg_test_loss	std_train_loss	avg_train_dispacement	final_train_displacement	avg_test_displacement	final_test_displacementNum_Train_peds	Num_Test_Peds
4	2	0.04637942167024153	0.06455501100191703	0.022492602066683885	0.3819438476528712	0.43663043614994096	0.2919721118115327	0.34784676303445355	20978	35524
4	3	0.06207192764462282	0.10037322766505755	0.024905417419429973	0.44018567568145256	0.550883855970938	0.3532256685745364	0.4875107700820927	19956	34682
4	4	0.09201715884198035	0.2045483905535478	0.04166674579322981	0.5090711945923243	0.6782749817236332	0.5213031632026375	0.743158546743606	18948	33844
4	5	0.12934286529789824	0.2383657801397068	0.05526788451407781	0.5772307297611288	0.8046910769197084	0.5421633861656082	0.8460244605604916	17950	33011
4	6	0.16650602720666444	0.41063310743607195	0.07800301444192038	0.6431243069720696	0.9239376737019077	0.7138794302211982	1.1493830221584191	16977	32183
4	7	0.26662750102010124	0.5763499432586018	0.14375933043667394	0.716713053395383	1.0573817444973792	0.8529013141206567	1.3648570721417668	16025	31358
4	8	0.2727421210812671	0.8323245693982574	0.1329862981997984	0.7861810116559721	1.1874716850205036	1.032807350928499	1.6540950778256875	15110	30540
4	9	0.3486101950810935	0.9171579773561942	0.17269351833660668	0.8493128943346326	1.3023009802941137	1.0574293714092053	1.7611723064510896	14225	29728
4	10	0.4134700088111004	1.1543742753565311	0.20795564860564866	0.9114803913060154	1.4137622813727546	1.1811427100722	2.042697792221427	13370	28926
4	11	0.5127560813475698	1.8727327113350232	0.26727376875510905	0.9904084864095938	1.5442556620581804	1.5265225920624694	2.5838576753881166	12562	28135
4	12	0.5448536925700557	1.9586453206876187	0.2926990937838233	1.0290926883180616	1.6192149249583143	1.5484614587704364	2.6248271599428286	11812	27349
Dataset: univ ;Number of epochs: 100
obs_len	pred_len	avg_train_loss	avg_test_loss	std_train_loss	avg_train_dispacement	final_train_displacement	avg_test_displacement	final_test_displacementNum_Train_peds	Num_Test_Peds
5	2	0.03580091022756986	0.04825869892270137	0.018126645579179524	0.347571187132865	0.39643295854827904	0.24594587301751192	0.2987239606721915	19956	34682
5	3	0.04991788490542344	0.1001891213349807	0.022763214669461358	0.39762477243752475	0.4975679371065929	0.3645417603456694	0.4761915411141387	18948	33844
5	4	0.07851413288532015	0.14215700743124657	0.03377723619646919	0.4720943306002673	0.6250292192664617	0.42357162613625676	0.6285001051040487	17950	33011
5	5	0.10693562748466845	0.2738382078169547	0.04999172683367424	0.5309035308513246	0.7358952596681922	0.6009311970254686	0.8794184968666713	16977	32183
5	6	0.14008555427241098	0.393426033190495	0.06297561586160345	0.6064195957833123	0.8632990093328488	0.7062985639428786	1.0873036733688035	16025	31358
5	7	0.174487425286657	0.42404099604008727	0.0891116526441577	0.649313870223774	0.9565909495426661	0.7131512293208694	1.1988543862503436	15110	30540
5	8	0.21881640971714125	0.5429513926950761	0.11166668858746168	0.7203434169453897	1.079287094859007	0.8130498652071905	1.3697904233769365	14225	29728
5	9	0.27683918576978295	0.7247416616107026	0.14107717440181405	0.7598345340152308	1.1603403469208327	0.9379238338580658	1.5867853299154324	13370	28926
5	10	0.3240713387189483	0.9559696779275934	0.16352831632366838	0.8328238783496297	1.2803056441455387	1.0792868512990494	1.8533289798839891	12562	28135
5	11	0.37700630837227717	1.121261482151391	0.2203404405574535	0.8801768308880077	1.3673659464336112	1.176545647521137	1.9807529942272297	11812	27349
5	12	0.4435189144228989	1.5050510985689014	0.2258226622488473	0.9622705046313849	1.5025962749665218	1.3693642595351283	2.311658654424752	11097	26575
Dataset: univ ;Number of epochs: 100
obs_len	pred_len	avg_train_loss	avg_test_loss	std_train_loss	avg_train_dispacement	final_train_displacement	avg_test_displacement	final_test_displacementNum_Train_peds	Num_Test_Peds
6	2	0.02974608496829335	0.03802116473133747	0.016311727941419506	0.3202842598166451	0.3650263035121568	0.22116918048291073	0.26540319342122337	18948	33844
6	3	0.03939177437604266	0.09208449252794698	0.017809289838297465	0.3712104925312192	0.46263981076066657	0.35175970590715117	0.4755960153413354	17950	33011
6	4	0.06461613726264485	0.11740419164914445	0.029838242727291388	0.43259540711913136	0.5720238303500338	0.38362060340797155	0.5701283064399938	16977	32183
6	5	0.0918049691838159	0.19889520463857008	0.04329563948078447	0.4885039977120202	0.6792504666896484	0.49156974845153506	0.7613935511632122	16025	31358
6	6	0.11552141725620954	0.2661201110775607	0.05541587110351969	0.5578167628579639	0.7992752005978168	0.5730198572864742	0.9279444906434057	15110	30540
6	7	0.15924872650379118	0.4093077306302718	0.08267677035391882	0.6337597890385737	0.9252166108031877	0.7028589730250837	1.1539210044652273	14225	29728
6	8	0.17101675389628662	0.5355827611250182	0.08511198898132798	0.6555120635889642	0.9864144478747525	0.8077254447004244	1.3596369373825485	13370	28926
6	9	0.23457863285231045	0.7852949853986502	0.11549268652025714	0.7371955551968246	1.1173406104422579	1.0034487746575984	1.6461360368784135	12562	28135
6	10	0.26227413478541184	0.9060174854013933	0.13583811900519044	0.7682446237866655	1.190721002107516	1.0563334310905277	1.802879582618619	11812	27349
6	11	0.3206625448645286	1.0869885336666207	0.18000688464415382	0.832622422767337	1.2904231056712883	1.1326428102048063	1.9886334589534531	11097	26575
6	12	0.37547638424133	1.4710908553987274	0.1988361670836822	0.8560492983973258	1.341098554423831	1.3261909116076773	2.2624574638665758	10441	25815
Dataset: univ ;Number of epochs: 100
obs_len	pred_len	avg_train_loss	avg_test_loss	std_train_loss	avg_train_dispacement	final_train_displacement	avg_test_displacement	final_test_displacementNum_Train_peds	Num_Test_Peds
7	2	0.029250786751178554	0.05454944231614624	0.01557342908167407	0.3199337635647104	0.3649558297664757	0.2779770986173365	0.3263960683891162	17950	33011
7	3	0.03858029645986022	0.06087250667672182	0.021785040724623346	0.3560781357413221	0.44456993086556545	0.2785418391685053	0.3792018354988028	16977	32183
7	4	0.053728979163963325	0.10147913221096128	0.026012127473650396	0.4065182434075969	0.5382032161488796	0.3484038446537441	0.526712097070743	16025	31358
7	5	0.07620496887936445	0.15311779745811008	0.03493684540722349	0.45664338214914524	0.6352793179826863	0.4332518296387705	0.6815447298892456	15110	30540
7	6	0.10351211554733988	0.26979993028961935	0.050886300674634954	0.5130303193286623	0.73598853623468	0.5728921569415812	0.9101355881555007	14225	29728
7	7	0.14209810823553704	0.47932294973482686	0.06944708125687225	0.5821557226579216	0.8505037335809975	0.7802193690145781	1.2492258658642863	13370	28926
7	8	0.17034836547952076	0.5245535049277047	0.0846710987652127	0.6290232987021374	0.9431531848556126	0.8040196484957173	1.3274506374341695	12562	28135
7	9	0.19824827570037776	0.700420290699804	0.10277956874954701	0.6726567266855978	1.0245237781537022	0.9447092545876937	1.538671547015117	11812	27349
7	10	0.25036103843049434	0.9392969895407791	0.16752633965135813	0.7422175610067274	1.133443137823488	1.0716070754924818	1.8303071902526749	11097	26575
7	11	0.28338814737569346	1.0775501166338697	0.1416086603589969	0.7862640421784993	1.2154598599256785	1.1472551164628115	1.9612831304503577	10441	25815
7	12	0.3045505344560114	1.3344605107056466	0.15227326810759317	0.8273855528039185	1.2898447507816755	1.2775960982541907	2.1945326706562045	9825	25066
Dataset: univ ;Number of epochs: 100
obs_len	pred_len	avg_train_loss	avg_test_loss	std_train_loss	avg_train_dispacement	final_train_displacement	avg_test_displacement	final_test_displacementNum_Train_peds	Num_Test_Peds
8	2	0.026725552656657846	0.03598923891897976	0.015921072457985554	0.3005441241647432	0.34317049085957047	0.2142936660064894	0.25894473352209685	16977	32183
8	3	0.03842611773574286	0.09850944821853094	0.018963963619589793	0.3542584552071897	0.44148651108799675	0.3695798808168753	0.4675899090290931	16025	31358
