Dataset: zara1 ;Number of epochs: 100
obs_len	pred_len	avg_train_loss	avg_test_loss	std_train_loss	avg_train_dispacement	final_train_displacement	avg_test_displacement	final_test_displacementNum_Train_peds	Num_Test_Peds
2	2	0.0734085814597515	0.050610016976323356	0.03123904180982137	0.4495336456741548	0.5314043563039498	0.23672367960481314	0.2864349759262988	50897	4696
2	3	0.11638511476637928	0.08356466322826843	0.04480578174627927	0.5614044527639811	0.7363227086318632	0.3085403111443285	0.4182239939166693	49247	4547
2	4	0.16237576389195105	0.111172437199397	0.06477591325895025	0.6379200871580231	0.8927571158818497	0.35970570670399155	0.5219918100915762	47623	4398
2	5	0.2628458503447724	0.19543457830494101	0.09697941351401863	0.7414646905291995	1.0777980202362483	0.48588084569064766	0.7327324305646343	46001	4247
2	6	0.3136373422420751	0.29159065066305406	0.10523404148658845	0.8136918089420953	1.2284191759488245	0.5882978967335638	0.9197856842053255	44400	4093
2	7	0.4292368484653012	0.30201503292003773	0.21554159645633258	0.9027651828974516	1.3987266328965688	0.5804082047148001	0.9244839096592102	42814	3941
2	8	0.544801521529842	0.45208336586284936	0.20466567198545985	1.024960758612085	1.631451920573208	0.7248788329531102	1.1842188596387873	41255	3789
2	9	0.6894406469635642	0.48028529848262763	0.25731994290707233	1.1511128976422529	1.8610614067898625	0.7176977557955153	1.2101755504581002	39719	3638
2	10	0.7629837958585648	0.5790105407888239	0.2606722225558103	1.2019162023772128	1.970489029188999	0.7952480201298835	1.3330665000652437	38224	3486
2	11	0.9555685109715093	0.8407209004392687	0.36634385425577	1.28316268844282	2.118904898976712	0.9419501050382169	1.588590064151679	36768	3336
2	12	1.0274456483831127	0.8941578275045833	0.3522739163956444	1.3544001185354562	2.2418668864857416	0.9936221633843187	1.6861570416004232	35350	3183
Dataset: zara1 ;Number of epochs: 100
obs_len	pred_len	avg_train_loss	avg_test_loss	std_train_loss	avg_train_dispacement	final_train_displacement	avg_test_displacement	final_test_displacementNum_Train_peds	Num_Test_Peds
3	2	0.04565502907193843	0.03900268627330661	0.019125967944022524	0.388656229461646	0.4523285328789515	0.2287532468667987	0.27710700059390686	49247	4547
3	3	0.06688516147581762	0.06354025851734384	0.029306150149077916	0.45034745633658974	0.5795999419881727	0.28767603249522455	0.3934393753611154	47623	4398
3	4	0.10880129692847268	0.07854557610822446	0.03543077600128618	0.547987935346418	0.7502242601740636	0.31220664477407173	0.44279654191634943	46001	4247
3	5	0.15515195573693003	0.10473645592759723	0.06207394783579314	0.6299857552996485	0.9034283953804065	0.3554565579188656	0.5508274101984578	44400	4093
3	6	0.22033815931916748	0.16874072388369846	0.07931788726973717	0.7124627120453022	1.0596518299752862	0.45117994326399424	0.6904366632403002	42814	3941
3	7	0.2918468754419887	0.21746787471028994	0.0868010881934017	0.7828559916127886	1.199057165898494	0.5054424416292244	0.817221287257846	41255	3789
3	8	0.33858498034355106	0.2654391533345174	0.10225876948724623	0.8724787082977795	1.373865887303008	0.5544362947178765	0.9243016750888849	39719	3638
3	9	0.39933618337862076	0.3531074578595626	0.12322551594875533	0.9358004621485602	1.4963382968309789	0.6421544634788415	1.0852854541085617	38224	3486
3	10	0.5357688548046439	0.5021368896724373	0.17556729453166375	1.0409432469744833	1.6854672226614236	0.7654056752713733	1.3313513006690234	36768	3336
3	11	0.6041409703767116	0.448455598205328	0.18650495216344665	1.0920331424509544	1.7923160694927966	0.6949922937153342	1.2153444497398351	35350	3183
3	12	0.7258270446477192	0.513773826072956	0.21475097059893913	1.193966024324422	1.973326526217356	0.768059790288919	1.3337810725897261	33986	3030
Dataset: zara1 ;Number of epochs: 100
obs_len	pred_len	avg_train_loss	avg_test_loss	std_train_loss	avg_train_dispacement	final_train_displacement	avg_test_displacement	final_test_displacementNum_Train_peds	Num_Test_Peds
4	2	0.03433228352744328	0.023691383190453053	0.015567465449247945	0.3405919031823863	0.3948323607131161	0.17341892857845959	0.20928138565625312	47623	4398
4	3	0.051377949560018364	0.04026489953200022	0.01770260981824441	0.40318380710550766	0.5153508131067662	0.22872737482182134	0.303339419339127	46001	4247
4	4	0.07683497191073987	0.056843788471598565	0.02575001271719589	0.467822468856713	0.6413660015987274	0.2622007757222083	0.3856793344286984	44400	4093
4	5	0.12882097317344282	0.10112760440440652	0.04507927867609128	0.5541105843951427	0.7960726300367765	0.3483304382514499	0.5194088702987512	42814	3941
4	6	0.15385499921322396	0.12927500753657623	0.05375720286469472	0.60152971234593	0.9042484302357844	0.39805590036428184	0.6372771000734362	41255	3789
4	7	0.19821196199830518	0.17955355996349057	0.07381088800250571	0.6893038095267283	1.061068388786884	0.46706991112564883	0.7543939389497133	39719	3638
4	8	0.2548533062140147	0.2031366006507502	0.07677739574009909	0.7694819369645741	1.209006976309902	0.4879696270421994	0.7984260164268451	38224	3486
4	9	0.3447147522373294	0.2959975062912663	0.11971838995821021	0.8509527690491421	1.3603702749242792	0.587353192197868	0.9895193905195194	36768	3336
4	10	0.3694952971734886	0.2782427525097454	0.11318110055188005	0.8888005449312883	1.448264504445737	0.5537433566332787	0.9638069250723973	35350	3183
4	11	0.448539154617382	0.31823009714998046	0.13807443343605819	0.9526139847018382	1.570708005981914	0.5978507602558599	1.0876437189001702	33986	3030
4	12	0.5454844289730564	0.4199424891184408	0.18025650635280321	1.0322765669465401	1.7109203835873847	0.680889429878624	1.2016352113542341	32686	2875
Dataset: zara1 ;Number of epochs: 100
obs_len	pred_len	avg_train_loss	avg_test_loss	std_train_loss	avg_train_dispacement	final_train_displacement	avg_test_displacement	final_test_displacementNum_Train_peds	Num_Test_Peds
5	2	0.025384835279251318	0.017208418425059678	0.011125311513425653	0.30558551350244756	0.35608012666213573	0.15038607969805953	0.18401540212408657	46001	4247
5	3	0.04244483785750215	0.03752913749976758	0.015076999767889645	0.3637615849659893	0.4669968729060775	0.21618063068188617	0.2891944307031559	44400	4093
5	4	0.07996540395184268	0.04410917104817696	0.053595040140851126	0.4273710709839762	0.5860249125741525	0.23102150218768214	0.34106767348369305	42814	3941
5	5	0.09109370165935836	0.07633524053033043	0.028129429157188524	0.5020738544248421	0.7247581215885596	0.30848299429814036	0.47183858708776366	41255	3789
5	6	0.12829070354296346	0.09240873125945306	0.037386004795715654	0.5569078069634416	0.834529709774512	0.3256242010137464	0.5263099397031205	39719	3638
5	7	0.1587757354158731	0.1262749997390942	0.049335845819902684	0.6044605120856873	0.9386282426846656	0.3761535638564855	0.6491401797354723	38224	3486
5	8	0.20326331400203548	0.1619168304350992	0.06247563698574993	0.675240516228693	1.0708464738287562	0.4325289000297874	0.7445829591555162	36768	3336
5	9	0.28504219060798863	0.21488165216067354	0.08738922682427976	0.7607133039375881	1.2195671954116292	0.4923932314472913	0.8565050834096267	35350	3183
5	10	0.323983209886189	0.30681428868195104	0.10701055106171124	0.8214853504693744	1.3385624048491362	0.590578965914373	1.014456687248309	33986	3030
5	11	0.39853672164877624	0.3559671460736728	0.1280983451810894	0.9148234412852658	1.4940968760203444	0.639793714341473	1.105499359741375	32686	2875
5	12	0.45701879872517154	0.38290369927006607	0.1482946346326356	0.9383167979487518	1.5666592826621473	0.6468518131160426	1.1574284573285825	31431	2718
Dataset: zara1 ;Number of epochs: 100
obs_len	pred_len	avg_train_loss	avg_test_loss	std_train_loss	avg_train_dispacement	final_train_displacement	avg_test_displacement	final_test_displacementNum_Train_peds	Num_Test_Peds
6	2	0.025117402393216075	0.026278265683334665	0.010435858175990619	0.29356534840807386	0.3419790954238925	0.1915360083932286	0.22365936987159263	44400	4093
6	3	0.04093878847359548	0.03191955369660018	0.017872991729439833	0.3520716275097847	0.4497158005611003	0.19933828338981338	0.2684991367171947	42814	3941
6	4	0.057102453120184686	0.040595609694719315	0.018927778337724105	0.40330273614065276	0.5542916651089936	0.21967289701471146	0.33711541041091014	41255	3789
6	5	0.07993466532661007	0.057697930687646955	0.024659831995819136	0.44834953525244003	0.6535110024195254	0.2604734815439845	0.41582134538216675	39719	3638
6	6	0.12424679364831674	0.09537415528161959	0.044371392841769074	0.5298966805653711	0.795972976491322	0.32988599903357424	0.528973291802971	38224	3486
6	7	0.15325651530182538	0.1164555423800519	0.05256579392727853	0.5820859178334992	0.9018083574327015	0.36009833181788176	0.6219301633327992	36768	3336
6	8	0.18388609016253446	0.1373425352613668	0.07009562763076077	0.6340182842773306	1.0121946154406656	0.3891569126840901	0.6888518656832746	35350	3183
6	9	0.24457156558388046	0.19225880493377817	0.08483552135005284	0.7042819648475714	1.136768048937711	0.46055376014084337	0.8330238542479445	33986	3030
6	10	0.29606646741697207	0.2700520618587521	0.1117966557847821	0.7560679325048535	1.2442728131323353	0.566472322934765	0.9957482944703152	32686	2875
6	11	0.3479809614629764	0.2783701345872353	0.11183544432837912	0.8080598153674117	1.3482627039062185	0.5379414430906441	1.0154408316753405	31431	2718
6	12	0.3959729952629439	0.3591986800764353	0.12970046759700768	0.8700469751287828	1.4647262827734542	0.619206832182833	1.1039434861571291	30247	2561
Dataset: zara1 ;Number of epochs: 100
obs_len	pred_len	avg_train_loss	avg_test_loss	std_train_loss	avg_train_dispacement	final_train_displacement	avg_test_displacement	final_test_displacementNum_Train_peds	Num_Test_Peds
7	2	0.023574312604809668	0.021747801985059465	0.013455937063923229	0.28070077799180315	0.32645738948177266	0.1749532128445724	0.20691995888138218	42814	3941
7	3	0.03321116059815242	0.02343588161323243	0.010540778600600403	0.32720736018132807	0.42071792309618106	0.17073222018117384	0.23515402700204383	41255	3789
7	4	0.05134246831002221	0.040122016511003306	0.017691379822739772	0.3731381439279809	0.5167459826042344	0.21647243153637913	0.3300443114976169	39719	3638
7	5	0.07524068356151618	0.05629109925070366	0.028054824821869214	0.4321889369755908	0.628753617827854	0.26295115411174047	0.41472425586600936	38224	3486
7	6	0.10133586953435542	0.09299619920206385	0.03404981341619661	0.5042115694242829	0.7603709410676252	0.3388567844533814	0.5304946286972628	36768	3336
7	7	0.12953990971985854	0.09541120372611929	0.04324691947925239	0.5444978578902574	0.8523076671706286	0.32444916283929415	0.5748905449302616	35350	3183
7	8	0.18408609274109558	0.14509175774352304	0.0682831620996191	0.6197176187223057	0.9876116257248417	0.4000041126180157	0.7112797258506537	33986	3030
7	9	0.21269656905769638	0.19011664237325074	0.0684094253587887	0.6634842169100102	1.0788280831345018	0.4584968756580669	0.8449678619457691	32686	2875
7	10	0.2751616394179702	0.2248305749038563	0.09643811676465959	0.7388984293624443	1.21681790440435	0.49942612423325283	0.8853910255992036	31431	2718
7	11	0.3338675367121467	0.29839894903525144	0.10245577666377183	0.8017864541486887	1.3248627443966812	0.5704135527617603	1.0509658759626377	30247	2561
7	12	0.3777494262981217	0.3616961586688246	0.11972531773245292	0.8373927548531704	1.4046838174338017	0.6254817852409219	1.146445594306407	29111	2405
Dataset: zara1 ;Number of epochs: 100
obs_len	pred_len	avg_train_loss	avg_test_loss	std_train_loss	avg_train_dispacement	final_train_displacement	avg_test_displacement	final_test_displacementNum_Train_peds	Num_Test_Peds
8	2	0.024140016473197877	0.015570184145614787	0.013632961840382998	0.2765417315931857	0.3215279182203947	0.1410801581194782	0.17226884491923192	41255	3789
8	3	0.03139060731715201	0.03437178305522272	0.012970901747863505	0.3072396364839367	0.39812746823338796	0.21488998259554126	0.286218161813795	39719	3638
8	4	0.04865787619251817	0.03670289520440357	0.018963091507796098	0.36547617782050096	0.5055582704206337	0.2107408595643846	0.3146767990692157	38224	3486
8	5	0.06986292663354064	0.061990551095431216	0.02362655031672135	0.41666088065324997	0.608273200807416	0.2753240925412345	0.428459445890471	36768	3336
8	6	0.10086553138049757	0.07589884221906194	0.034138766986723516	0.49229681432179284	0.7410091348181028	0.2909587357457655	0.4810039955847953	35350	3183
8	7	0.1297715493278312	0.11003575029558149	0.047968458441577176	0.5230675215794691	0.8228359246947704	0.35463822274930157	0.6129355180901813	33986	3030
8	8	0.1662851400839265	0.14362859969020736	0.05276518028798028	0.5799802012505393	0.9326276928771365	0.40209832818454383	0.7130614551327066	32686	2875
8	9	0.2060708196354558	0.17326383541940765	0.07053109712203763	0.6424802617274894	1.0475035604994338	0.4297587187165675	0.7831578152764208	31431	2718
8	10	0.26820850585081535	0.22282291408486038	0.09185014598792311	0.7279029954249707	1.1896317768612552	0.47832029112755653	0.8708107390908149	30247	2561
8	11	0.31212191582035226	0.27776247990273295	0.09786431613714679	0.7538170763118418	1.2589339997057802	0.5478128384921658	0.9990319646829927	29111	2405
8	12	0.345999411773938	0.3145013126767864	0.11284117394626757	0.7977786164353634	1.3518209098596672	0.5626509457366303	1.0629516380079376	28010	2253
Dataset: zara1 ;Number of epochs: 100
obs_len	pred_len	avg_train_loss	avg_test_loss	std_train_loss	avg_train_dispacement	final_train_displacement	avg_test_displacement	final_test_displacementNum_Train_peds	Num_Test_Peds
9	2	0.021612254688402336	0.017638239810824585	0.008516621423336741	0.2718162326292162	0.31480793545706465	0.15464673916771302	0.1881172736204257	39719	3638
9	3	0.032141453212511446	0.02105151041858382	0.01315567014905353	0.31336943020686114	0.40375452748298774	0.16093590397399024	0.22714259702781114	38224	3486
9	4	0.049380668138247444	0.035379475044296275	0.017066549076828502	0.3758257969610909	0.5187066486089809	0.20944444815536295	0.3092622557124361	36768	3336
9	5	0.06758328847663787	0.05124081294933284	0.023708473899519893	0.40928324195175747	0.5971826978466963	0.24997976892602908	0.39223750917053674	35350	3183
9	6	0.09032921160770846	0.07346706822000701	0.030967832305014886	0.459504760768813	0.7011080525123105	0.2896674644019526	0.4837125190828999	33986	3030
9	7	0.12099058229773407	0.09877490405495284	0.03855192804186504	0.5057773256522239	0.79679706532175	0.3291171591604152	0.5806608581981507	32686	2875
9	8	0.15461008389781244	0.14116026776130586	0.05451664561631142	0.5720812597708168	0.9177394370990553	0.39574358227226136	0.705344029664518	31431	2718
9	9	0.20138860141526244	0.18013267017161574	0.07017954430986208	0.6338724906415044	1.0317216207157616	0.43676300232889365	0.8021931201542042	30247	2561
9	10	0.2416210477839367	0.22437321879560984	0.07348979888993315	0.6781394463633833	1.1230098384715903	0.4886125527384486	0.9161215696169318	29111	2405
9	11	0.30129991781807713	0.29977228006055534	0.09821666819528944	0.7347864189543649	1.228247258453319	0.564197516217446	1.0501192534317911	28010	2253
9	12	0.37289745972209076	0.3288622474747485	0.1283067247012512	0.8215414753925482	1.3658495506489081	0.5845896331815427	1.107014831575077	26947	2105
Dataset: zara1 ;Number of epochs: 100
obs_len	pred_len	avg_train_loss	avg_test_loss	std_train_loss	avg_train_dispacement	final_train_displacement	avg_test_displacement	final_test_displacementNum_Train_peds	Num_Test_Peds
10	2	0.021242266363419946	0.018856335878855997	0.008422474485447253	0.2586629455546419	0.30018718132514394	0.16124669965116428	0.1933815095282593	38224	3486
10	3	0.03164453439558726	0.020972830709069967	0.010973414672381067	0.32381816260969637	0.41637990656641183	0.16046463923515594	0.22210144421056038	36768	3336
10	4	0.045834169136823553	0.03395392030880258	0.01606799525228397	0.35715018832532547	0.49443670069480744	0.20149121936122225	0.307242280225824	35350	3183
10	5	0.0637123020864757	0.05114482890429168	0.021737717837901623	0.4022604806478955	0.5885594010885841	0.24584472430361481	0.39653828809058206	33986	3030
10	6	0.09279387025076184	0.08139264743431662	0.03479600417464288	0.44978008676654585	0.6840987850645536	0.30516383849561046	0.5012170972149018	32686	2875
10	7	0.12053721766320834	0.12310988225919359	0.03665682724576449	0.5093857256477471	0.8003460949463224	0.37998175599736356	0.6426232789818637	31431	2718
10	8	0.14914169774683778	0.15930592183393377	0.04748518033927592	0.5670748562233529	0.9079250381226466	0.41660744267833655	0.740231351481205	30247	2561
10	9	0.1881402493048753	0.19260125048458576	0.0668382605023632	0.6213890906925468	1.011396211516834	0.4597544827595101	0.8282229677660142	29111	2405
10	10	0.2366318907308322	0.22333780121951063	0.0883710654552078	0.6895243906967693	1.1292807934819478	0.4879325820227455	0.8870059158216536	28010	2253
10	11	0.26814591696685447	0.2996930659202666	0.08588960803977695	0.7230947158080758	1.2084368503797367	0.5570403624256446	1.0448645903447449	26947	2105
10	12	0.3266157788368626	0.32984816984019494	0.10469816442417498	0.7875791014885302	1.3224957228430763	0.5859744395319579	1.062845131259899	25937	1954
Dataset: zara1 ;Number of epochs: 100
obs_len	pred_len	avg_train_loss	avg_test_loss	std_train_loss	avg_train_dispacement	final_train_displacement	avg_test_displacement	final_test_displacementNum_Train_peds	Num_Test_Peds
11	2	0.02708789101944503	0.02286180526338863	0.014993947619357033	0.2712349147234717	0.3121206432448232	0.18108960874787916	0.21346716779294442	36768	3336
11	3	0.03065704161502536	0.021571826082780153	0.011273015236523794	0.3099822060585116	0.3991664946313983	0.1649976714602655	0.22630766900919985	35350	3183
11	4	0.04505436161499737	0.033520325298967035	0.017196649145914504	0.35673029684792296	0.4929491736158825	0.20160338977231662	0.3037727418512251	33986	3030
11	5	0.06968616107081327	0.05777873193964045	0.03549404277557928	0.4131869485581049	0.6009921502758632	0.2649014861204474	0.4187448788054469	32686	2875
11	6	0.0943196131676666	0.07583347996970748	0.029539712147082575	0.45955354174905305	0.699116719661334	0.2855865215047353	0.4833205523437951	31431	2718
11	7	0.11180860718678616	0.0978636960036882	0.03615970976747908	0.5025873648239096	0.788515757611826	0.32340072422779653	0.5694670478977064	30247	2561
11	8	0.14612453508179218	0.13468904231512357	0.04672098148220098	0.5654166564937417	0.8997884513104767	0.37642945569879216	0.676580083659805	29111	2405
11	9	0.18893204767216917	0.20568362857438316	0.06320992149807159	0.6180728359744683	1.001640008904701	0.4718708054720173	0.8490113577642889	28010	2253
11	10	0.23749175083191534	0.25472492140171854	0.07805483206543798	0.6845780283662013	1.121417746443581	0.5399376443788028	0.9424271990371422	26947	2105
11	11	0.2631455054097996	0.3013968635689129	0.08169258336443289	0.7328361514948789	1.2099933251279948	0.557421979486466	1.0598728926805374	25937	1954
11	12	0.2952788398469974	0.3283108418377546	0.09200407705556479	0.7490197889354031	1.2661728040317646	0.5886581303414353	1.1505955034824908	24958	1809
Dataset: zara1 ;Number of epochs: 100
obs_len	pred_len	avg_train_loss	avg_test_loss	std_train_loss	avg_train_dispacement	final_train_displacement	avg_test_displacement	final_test_displacementNum_Train_peds	Num_Test_Peds
12	2	0.02484940276377376	0.02100026111017812	0.011761384349498956	0.26242448322467854	0.30233624337016674	0.17088748758924402	0.2022294481555266	35350	3183
12	3	0.03547303154898275	0.026819161544072215	0.015138142666360765	0.3106168387375075	0.400374274536157	0.17807702565791655	0.25017992085336116	33986	3030
12	4	0.0494001037536227	0.044225805921229065	0.017732687373667056	0.3680214845667668	0.5072329152534312	0.23957635670691266	0.349780120841267	32686	2875
12	5	0.06552040467409839	0.056149175431688916	0.02210522510685697	0.42105984519786294	0.6092201670589963	0.25756035823276274	0.4131001687580327	31431	2718
12	6	0.08445789334634861	0.07150301541990907	0.026747594360217265	0.455662782507721	0.6904093113100986	0.28445199984291625	0.4849937805894169	30247	2561
12	7	0.11157339331365472	0.1080124078407174	0.035044454297859164	0.5043504271545415	0.7871902457651632	0.35255281095083923	0.5882685163432487	29111	2405
12	8	0.146757185831666	0.16876375475082517	0.04642977726379243	0.5779280805842685	0.9161357811136446	0.43605479405781494	0.7590349344389435	28010	2253
12	9	0.18232224346138537	0.18216327227780532	0.059680521640257	0.6155890003049113	0.9945006615253672	0.4414091572729547	0.8104993032311706	26947	2105
12	10	0.22159979587924122	0.23452614931897683	0.07050289732281183	0.6698404015926384	1.0975623264516392	0.49478056144415317	0.91352342208713	25937	1954
12	11	0.27310338337196655	0.300516205553252	0.08350314014988017	0.7134987037658734	1.1822584458041479	0.5655107597492173	1.0423307586987525	24958	1809
12	12	0.32421225937271003	0.3045187549931662	0.10373847340407509	0.7811006649273097	1.3054772425070227	0.564303797078404	1.0648166623302384	24023	1668
