Dataset: eth ;Number of epochs: 100
obs_len	pred_len	avg_train_loss	avg_test_loss	std_train_loss	avg_train_dispacement	final_train_displacement	avg_test_displacement	final_test_displacement
2	2	0.06294737413817403	0.34993764602889615	0.021368065506754626	0.419550254007381	0.4961606355152621	0.5830325557906407	0.738711169583213
2	3	0.10313506738647171	0.6664440656701723	0.034617430823264975	0.5174938855087359	0.678245087042546	0.8494666248289798	1.2377552940254162
Dataset: eth ;Number of epochs: 100
obs_len	pred_len	avg_train_loss	avg_test_loss	std_train_loss	avg_train_dispacement	final_train_displacement	avg_test_displacement	final_test_displacementNum_Train_peds	Num_Test_Peds
2	2	0.05967715472858422	0.39906135307521456	0.02612239615656971	0.4191910219085805	0.49542228062854304	0.6145117797509456	0.7639145770785485	2	3	0.10114200172124442	0.6739899059352668	0.031917550265537165	0.5113463126247212	0.6701345616953415	0.8286827025764326	1.201026220798839	2	4	0.14029478948713855	1.1713964878158136	0.043769277002548464	0.5952465578342286	0.8340921034823219	1.108542072773189	1.79441306074181	2	5	0.2102649444211418	1.8249593320347013	0.07344443167623418	0.6824130052541554	0.9988130362270476	1.3478782595692054	2.200367995742997	2	6	0.28681578054574963	2.519281331230612	0.09235341731455222	0.7745109288256701	1.168332755645805	1.6591000963441842	2.7626839132268497	2	7	0.37513284584684387	3.23086283604304	0.12506626810785873	0.8794701030945868	1.3654971155964926	1.8529144411578087	3.2518488146064968	2	8	0.4228751535352865	4.151531459069719	0.13513750030599497	0.9362965831803677	1.489086467321708	2.076732756846155	3.655139811153981	2	9	0.5108899195398484	5.038555175065994	0.16139553112954416	1.0181172870897688	1.657992627125494	2.349260886971852	4.195667225669815	2	10	0.6769617529943542	7.303634929068295	0.20871433986268972	1.0975960067756088	1.7966731533239426	2.8263025812813	4.940391622339911	2	11	0.8131636342638214	9.764355400918236	0.2630417076210886	1.2383549609276927	2.06382164151968	3.313585315102439	5.807588281932829	2	12	0.9465753389859056	11.096365344524383	0.30432432235431217	1.3173322453435925	2.213078661469697	3.5702024424881094	6.310808541442558	Dataset: eth ;Number of epochs: 100
obs_len	pred_len	avg_train_loss	avg_test_loss	std_train_loss	avg_train_dispacement	final_train_displacement	avg_test_displacement	final_test_displacementNum_Train_peds	Num_Test_Peds
3	2	0.040761293568041014	0.30549590041240055	0.01700522127990938	0.36686937230623107	0.4259364456762793	0.5415261786925186	0.6875683934731164	3	3	0.05693244038742374	0.6407777764128916	0.017456313085937147	0.4181198151361796	0.5383419525276146	0.8179846054725973	1.178969384983137	3	4	0.09473360353329034	1.1146180888726598	0.027602739031492688	0.5124737804167778	0.7029593703419484	0.9889047938702916	1.5004457086392062	3	5	0.1306306655380782	1.893275371118754	0.041006825108668384	0.5874759174856058	0.8466895996462305	1.3494716216614075	2.1391732030175596	3	6	0.1646272665016862	1.9663933225580164	0.04884719189213657	0.6491591040201922	0.97177199964616	1.400098135762334	2.398270023550452	3	7	0.2456423532212645	2.5205266084156785	0.0790880769878944	0.7314241612722956	1.1260367550322568	1.5404757389193515	2.6867030133608796	3	8	0.2803732175510246	3.719768963430239	0.09073753436626297	0.7994624873236704	1.2655500870280776	1.9196333680553825	3.325488194760958	3	9	0.417024979469257	4.693482696274181	0.13387564536132437	0.9004552845216065	1.4315278852786373	2.17346554198452	3.8179280208775306	3	10	0.49336798524103853	7.10955770586578	0.15404743953548686	0.9638255741821607	1.5580615842732732	2.646400893215738	4.634152813318877	3	11	0.5704196030835071	7.8267094949881235	0.18224908250674743	1.0416629317046686	1.7086006264009586	2.8374528087578583	5.019820581103497	3	12	0.6684182374471859	9.804516334533691	0.21609750768768354	1.1036027835257352	1.8201746687566782	3.236153684127294	5.594891246417843	Dataset: eth ;Number of epochs: 100
obs_len	pred_len	avg_train_loss	avg_test_loss	std_train_loss	avg_train_dispacement	final_train_displacement	avg_test_displacement	final_test_displacementNum_Train_peds	Num_Test_Peds
4	2	0.02768313950233425	0.39173686552341236	0.009288166576948241	0.3175666830174641	0.3682045907664038	0.5854396600447249	0.7108179395946461	4	3	0.04417368771321593	0.5714020089261116	0.012544814784137121	0.3681848167793939	0.47166315804553927	0.717073499090214	1.0066594692443414	4	4	0.07201151786613745	0.9258191418998382	0.02083094649926696	0.4364961104805419	0.5987001342208489	0.9795625513186317	1.4759514619901735	4	5	0.09445470751050007	1.2634118579260938	0.030167144888734922	0.4940237061013021	0.7142293347434042	1.0738376773068339	1.6941409217130738	4	6	0.13226070427800823	2.0494169160431506	0.038968684226144024	0.5745770138719551	0.8587776196250063	1.3938229188150364	2.2669287225754915	4	7	0.17457386966977087	2.6390279887810997	0.054650412779254025	0.6356164536349118	0.9807670241451126	1.606553603904593	2.654742788853645	4	8	0.2261836586311929	3.1441051834895286	0.07154121042864181	0.6908809830905415	1.0969579670172	1.7249434128212189	3.0082563987971933	Dataset: eth ;Number of epochs: 100
obs_len	pred_len	avg_train_loss	avg_test_loss	std_train_loss	avg_train_dispacement	final_train_displacement	avg_test_displacement	final_test_displacementNum_Train_peds	Num_Test_Peds
2	2	0.0631576444807769	0.48119166860770846	0.02304539551839222	0.4109896764969731	0.48713434692097024	0.6562299478789622	0.8228579093583406	52002	4312
2	3	0.10312500957931792	0.709996172591396	0.03130767501012909	0.5126545925048945	0.6712103121007901	0.8705549781393416	1.2961449012939517	50473	3957
2	4	0.1415298630370561	1.2424305833198808	0.047697787330571284	0.5813002735908764	0.8140128319205473	1.1066725539252873	1.7314366482355175	48962	3606
2	5	0.21678061446218075	1.6632369917536538	0.0744982076254501	0.6930618495542951	1.010299300611598	1.3153962271359871	2.1936421804346335	47451	3257
2	6	0.26463979314695335	2.2001598772882414	0.08926981960172481	0.7756177072907267	1.1778275700559468	1.5225147713045615	2.6254504973323343	45954	2916
2	7	0.40520931283632916	3.340335744995255	0.1311765262141144	0.8853944138587114	1.373082308655445	1.943651065167063	3.390423747839084	44472	2577
2	8	0.4314340873227726	4.247842769412434	0.1447364379612661	0.9311385499783489	1.4827797491559367	2.128476950423077	3.734575060754654	43010	2248
2	9	0.5514676011108852	6.37890594938527	0.18782376672334888	1.0240945513758026	1.6517377021385429	2.6706686362645535	4.575180883653442	41567	1924
2	10	0.6531770307261144	7.391350868307514	0.20772696426399656	1.105584694919781	1.8189792919445453	2.8105847272017224	4.960441961487773	40154	1621
2	11	0.8000574038198516	9.312257352849128	0.23908272042163353	1.209126444025171	2.0044616621865488	3.2462655188034364	5.725509594188529	38763	1335
2	12	0.8726979563887938	9.9612295627594	0.25987946871028367	1.2932114789035116	2.1693802763723897	3.278853216097498	5.816068138033297	37395	1069
Dataset: eth ;Number of epochs: 100
obs_len	pred_len	avg_train_loss	avg_test_loss	std_train_loss	avg_train_dispacement	final_train_displacement	avg_test_displacement	final_test_displacementNum_Train_peds	Num_Test_Peds
3	2	0.042394678022781886	0.449806423128947	0.015119914316339631	0.36812437253149694	0.42781645946179553	0.6533147187618789	0.8075311549353271	50473	3957
3	3	0.060447749940471515	0.6525967381330151	0.01945056089466087	0.42848798572635316	0.5498954376749452	0.7853875118463763	1.1387879198380493	48962	3606
3	4	0.08558564648932387	1.0139950091640155	0.026915253614529584	0.49164961576919375	0.6782515946871814	0.9667751432550777	1.483719404392243	47451	3257
3	5	0.12440269987732368	1.6225787288501483	0.03919376064462491	0.5711757510830746	0.8231957566382534	1.2206562712336462	1.9579892830656758	45954	2916
3	6	0.1779309737095871	1.8894105086455475	0.06039383213874282	0.645767637242029	0.9697646237680302	1.3557967926564845	2.283213415567129	44472	2577
3	7	0.24733812294686378	2.8366923373119506	0.07847281905660493	0.7373185532715615	1.1361645980773107	1.7210247435075372	2.9265205757752892	43010	2248
3	8	0.308670431865262	3.8430927978909533	0.09855651039507352	0.808982785656188	1.273067340148016	2.011542485367049	3.4443887192495732	41567	1924
3	9	0.3628806714342112	5.049113668041465	0.1074443133742101	0.8717132351186746	1.3972475448928408	2.195740081006126	3.813438688466922	40154	1621
3	10	0.48202212806927824	7.513969270276352	0.15835353190119836	0.9566633799562555	1.5530271592418887	2.7675266653555712	4.716698236111542	38763	1335
3	11	0.5664584153298154	7.862322441736857	0.16247950116362678	1.0325255483207831	1.6873486410044267	2.8756111186187203	4.997297337243248	37395	1069
3	12	0.6234405095209663	9.596724565029144	0.19346985990044233	1.1059381209872519	1.8434497016234543	3.1749681977946818	5.508404030364719	36061	825
Dataset: eth ;Number of epochs: 100
obs_len	pred_len	avg_train_loss	avg_test_loss	std_train_loss	avg_train_dispacement	final_train_displacement	avg_test_displacement	final_test_displacementNum_Train_peds	Num_Test_Peds
4	2	0.02985884997678563	0.46696113580555626	0.009231502989850579	0.32002173021522284	0.37097317893272375	0.6528805275524407	0.8053471183772896	48962	3606
4	3	0.04802116079394799	0.5574269733495183	0.01460592485701638	0.37890842602070207	0.48553434029435355	0.7433783697512756	1.053655942291729	47451	3257
4	4	0.0667812480062715	0.8990677446126938	0.020442044874496548	0.4298539449852096	0.5914666457287986	0.9119193507649024	1.3818886956979364	45954	2916
4	5	0.09139738640831496	1.3339141226029612	0.025851281200317967	0.4914958436643683	0.7109555455906809	1.125359260554846	1.8121057826786373	44472	2577
4	6	0.13049120826470867	2.129305174245554	0.03958635708402334	0.5658865504105589	0.8482550884818444	1.365377634131807	2.2756288706027785	43010	2248
4	7	0.1758886486604497	2.3917725390714146	0.05819478372146909	0.637549949685201	0.9853217466616152	1.4972163936334082	2.5858815982621643	41567	1924
4	8	0.21626644945546003	3.3832058832969194	0.06805261044271152	0.6840783580759453	1.0905366089251474	1.802402791013092	3.092872123074239	40154	1621
4	9	0.27666339838382253	4.514240433632488	0.09060508514352682	0.7696434568104565	1.2421042700671396	2.097183184662058	3.6060214428245287	38763	1335
4	10	0.34576602022062586	6.280189834038416	0.10865282656241612	0.8512670937588409	1.3901932846957896	2.4507321484095144	4.221540820362366	37395	1069
4	11	0.43434652181736655	7.139186155796051	0.1334168737012098	0.9157400804624152	1.5050827220641778	2.7192180496337164	4.648571779768093	36061	825
4	12	0.49738532542472796	10.685260870517828	0.1580225332224797	0.9692061290306662	1.6231224703919136	3.2665219610548895	5.423588433015584	34764	614
Dataset: eth ;Number of epochs: 100
obs_len	pred_len	avg_train_loss	avg_test_loss	std_train_loss	avg_train_dispacement	final_train_displacement	avg_test_displacement	final_test_displacementNum_Train_peds	Num_Test_Peds
5	2	0.021709972195288977	0.3812664987608081	0.007785581127507718	0.2844489847369769	0.3296645641518391	0.558065148905843	0.6843720025982397	47451	3257
5	3	0.038640297419571	0.6001771346611136	0.011895750435521223	0.35156932715883865	0.4484048764665657	0.7609038111431846	1.0377082024218913	45954	2916
5	4	0.05848117043305353	0.8635864294058567	0.017788841256769557	0.4043500806390224	0.555898476723878	0.9129942385450637	1.386706096604426	44472	2577
5	5	0.08145792608018124	1.1087098374378448	0.02387944581267516	0.4567610301918995	0.6607460383190702	0.999968496148947	1.580876013429881	43010	2248
5	6	0.10702602965952633	1.5927199912459955	0.03172348435373699	0.5036717297690572	0.7652814879450924	1.2645062272540837	2.061789604169833	41567	1924
5	7	0.15872860347110254	2.265668972774788	0.05252332225138803	0.5874707745044823	0.9100205628205722	1.4699284175160043	2.4436491397177185	40154	1621
5	8	0.19726951208058607	3.034776746387213	0.067206089301676	0.6477551648459454	1.0271667715500252	1.6587240823428129	2.848172524235319	38763	1335
5	9	0.2497113060475473	4.774932096401851	0.08201736573519045	0.7173707687302942	1.1601594688532102	2.0663941335921203	3.4936884517544713	37395	1069
5	10	0.3017165544665947	4.869807730913163	0.09496578652347233	0.7729221567620175	1.2695859629017707	2.058357764444645	3.536067788569701	36061	825
5	11	0.36412552759524375	7.882664266305092	0.12576534247989968	0.8358853040225077	1.3829108623014745	2.645788142992331	4.378743033543647	34764	614
5	12	0.4339310346061693	7.96076549688975	0.1504534538035564	0.8994014969775374	1.5050738897570186	2.6845525602032785	4.537979846333008	33479	446
Dataset: eth ;Number of epochs: 100
obs_len	pred_len	avg_train_loss	avg_test_loss	std_train_loss	avg_train_dispacement	final_train_displacement	avg_test_displacement	final_test_displacementNum_Train_peds	Num_Test_Peds
6	2	0.017767243454083897	0.3152962436570841	0.00583149910408218	0.26625536902825764	0.30988276238146173	0.49759215430396747	0.6047521192990574	45954	2916
6	3	0.03324138796532968	0.4348151730121793	0.011192960364001346	0.30936230488850175	0.39940108496346377	0.6243444040870787	0.8799329799029522	44472	2577
6	4	0.047881640896466134	0.5677128633593812	0.014971461832943551	0.3760439525695873	0.5176154263581181	0.7481296544975811	1.12438970386439	43010	2248
6	5	0.06546681448035724	0.9097617696160856	0.021018962623645485	0.4127041992493288	0.6050471049733678	0.9046827252922497	1.3757294020818596	41567	1924
6	6	0.09665355827114985	1.07626740137736	0.03313766433495398	0.48443923257366184	0.7357737356972647	1.0360008088416313	1.7127944851747683	40154	1621
6	7	0.12925721000929236	1.8567167531016846	0.04678006771741314	0.541758547321446	0.8470512399438238	1.3228913074779536	2.224813857408753	38763	1335
6	8	0.17234896426930665	3.0254515667756396	0.06773729122999685	0.5939155014939062	0.9524609470874671	1.6612769597085373	2.717680947747515	37395	1069
6	9	0.22554082639365697	3.7920750653743744	0.07999100790058558	0.6757174251788897	1.0959603400548064	1.8751381700417908	3.1265316565028614	36061	825
6	10	0.2698355405458382	4.992787351975074	0.0949523278930633	0.7187123821800652	1.1857598087326082	2.1367735019337024	3.602929470708813	34764	614
6	11	0.3169112817256474	5.621252879500389	0.10323577798813377	0.7869403979156417	1.3154938964157297	2.1936176049003655	3.7349093279351373	33479	446
6	12	0.38187101635116116	6.352376603561899	0.12953114385250333	0.8311121076408605	1.403862398955192	2.3874279169250507	3.9413866254329037	32231	323
Dataset: eth ;Number of epochs: 100
obs_len	pred_len	avg_train_loss	avg_test_loss	std_train_loss	avg_train_dispacement	final_train_displacement	avg_test_displacement	final_test_displacementNum_Train_peds	Num_Test_Peds
7	2	0.018485486155832148	0.28688260637693574	0.007378761948580972	0.25792415040234995	0.29973208825755326	0.5039561889538066	0.6083422427128792	44472	2577
7	3	0.026728021707156453	0.4472093096769908	0.008236825910470032	0.294171303607606	0.3805188849807434	0.6226280030452677	0.8359305597868584	43010	2248
7	4	0.04505527112502735	0.6404292426355507	0.015254229900870584	0.3564104708012813	0.49453218899580176	0.7659154737879675	1.1166550119284901	41567	1924
7	5	0.06399440571110707	0.8643590440904653	0.02169051528840613	0.40380553866772806	0.5920391478806352	0.905078220848331	1.391404961432553	40154	1621
7	6	0.09839172424986499	1.1509926772453416	0.03328237573113954	0.46450916106518064	0.7060075178272822	1.0233387993173588	1.682351940865599	38763	1335
7	7	0.12790536823267318	1.7094323351979255	0.04388831911970496	0.5296020388313111	0.8259598623922065	1.2756722183064746	2.088726984777482	37395	1069
7	8	0.16522211196848194	2.342602729201317	0.057020161477607585	0.585466559275028	0.9363443726367608	1.473001947696217	2.4490038840323147	36061	825
7	9	0.20986641415409626	3.891114544409972	0.0731619717945802	0.6437590243934763	1.0478676780479586	1.8241978199034345	3.072605860849085	34764	614
7	10	0.25710659266565167	3.4025030851364138	0.08717155890628432	0.6932988804255527	1.1495488091958985	1.7928264574297825	3.0982487027008094	33479	446
7	11	0.29809719726744327	4.624700193819792	0.10093600865482905	0.7387129030226003	1.2449696465225657	2.014951754005754	3.4021240453931445	32231	323
7	12	0.3771743310822381	5.28673791885376	0.13272560284480364	0.8249954985145379	1.3890408888922727	2.156047604706362	3.4937221304680897	31006	243
Dataset: eth ;Number of epochs: 100
obs_len	pred_len	avg_train_loss	avg_test_loss	std_train_loss	avg_train_dispacement	final_train_displacement	avg_test_displacement	final_test_displacementNum_Train_peds	Num_Test_Peds
8	2	0.017084340109437622	0.30676778869739935	0.005543580840335874	0.2503716911045234	0.2915230703381558	0.5248752368748775	0.6208628251921496	43010	2248
8	3	0.02669929064471613	0.6294535663302826	0.00880075556292519	0.29975145021016997	0.38631134303475606	0.7481586880335177	0.9804896568976469	41567	1924
8	4	0.04399790495692787	0.648287098624824	0.015169193815881346	0.3453596988921903	0.4794691383871948	0.7583134661368467	1.0892075453661547	40154	1621
8	5	0.06411261434793998	0.9883650958957807	0.022632567437280836	0.3906197423851648	0.5730487249718439	0.9750823172163688	1.4806230755919934	38763	1335
8	6	0.08442018928668316	1.2307041404147943	0.028084327082658178	0.4415484110067079	0.6743548690662914	1.062219078871626	1.6654524116292	37395	1069
8	7	0.12173039602026504	1.7203295671939849	0.04019806514126206	0.5050227570495959	0.7918172398892005	1.2886136208362036	2.109214329854562	36061	825
8	8	0.15393463870480892	1.7185272650840955	0.055721880189869906	0.5617142690356229	0.9027019300325286	1.2761518177083793	2.152613519858555	34764	614
8	9	0.19440343795843373	2.1705038756132127	0.07771917044267726	0.6069750737563508	0.9985485839899404	1.4333514436324193	2.4606500000663813	33479	446
8	10	0.2456760150051177	2.330156201901643	0.11022116785177422	0.6804238913120736	1.1281771433850758	1.482229238335281	2.5134577805227227	32231	323
8	11	0.2911280993915473	3.3464788904315546	0.1003112297485357	0.7307184173521764	1.228250592247533	1.774657391428082	2.933070693812299	31006	243
8	12	0.3417002418123627	3.2786661173616136	0.12266983917389725	0.7790866840417817	1.3194592018423246	1.7180723175820203	2.807156168162939	29809	181
Dataset: eth ;Number of epochs: 100
obs_len	pred_len	avg_train_loss	avg_test_loss	std_train_loss	avg_train_dispacement	final_train_displacement	avg_test_displacement	final_test_displacementNum_Train_peds	Num_Test_Peds
9	2	0.016662601673311288	0.4978667734919683	0.005828647751727254	0.25056727953777036	0.29074463863214584	0.6123840845644145	0.7287085119670311	41567	1924
9	3	0.029018378607064143	0.7545639855994118	0.014517330194624577	0.2903830040841568	0.3754846886046249	0.8253446612442611	1.06690859955321	40154	1621
9	4	0.0402043716456856	0.6916528852053092	0.014028279144614714	0.3317315425806388	0.461972675708633	0.7911683283277517	1.1691488191044757	38763	1335
9	5	0.06092243808243109	1.1905645505835614	0.02165406797809592	0.3819345645121941	0.561560740240649	0.9412057796571205	1.417739071695833	37395	1069
9	6	0.08536680302995803	1.0980980563163758	0.030039049225583196	0.44293816401881986	0.6747304957309008	1.0225048133157255	1.6014448640284078	36061	825
9	7	0.11408431734002772	2.5790651662227435	0.04045138040849231	0.48430899958674756	0.7644580342649824	1.3699900890311194	2.2017378157894334	34764	614
9	8	0.14791416990406372	1.9701273332039515	0.05464162854568906	0.5466677133256189	0.8802195870982527	1.3245178927167547	2.224216784322961	33479	446
9	9	0.18616536335536726	2.1045329311619634	0.06630204172619401	0.6101623473010711	0.998838670761273	1.4173141409496417	2.398315967763041	32231	323
9	10	0.22695489990292117	2.030662925227692	0.08376737205342336	0.6572635028972572	1.094263591216365	1.4050688479859026	2.3711236564977587	31006	243
9	11	0.2750775560977429	4.2180798309189935	0.09423500696567298	0.7147089106025556	1.2033087359404682	1.8425136869135825	2.9114325427696	29809	181
9	12	0.32097776253538063	2.8997446596622467	0.10935974635685942	0.7706235326397113	1.3076942785533663	1.583920508135515	2.5561789775506045	28642	144
Dataset: eth ;Number of epochs: 100
obs_len	pred_len	avg_train_loss	avg_test_loss	std_train_loss	avg_train_dispacement	final_train_displacement	avg_test_displacement	final_test_displacementNum_Train_peds	Num_Test_Peds
10	2	0.016244985404381674	0.5043940122388764	0.005625714235091488	0.2432804525009149	0.28231066183352427	0.6168053299274252	0.7352699921651769	40154	1621
10	3	0.027758206668885618	0.6790678025761121	0.009736807433127014	0.28719069087286775	0.37123998107467754	0.7654606527776822	1.01610564106264	38763	1335
10	4	0.038560264208073534	0.730640535056591	0.013049192753296534	0.32838081237081773	0.45781918096634266	0.8076380508126739	1.151884293147824	37395	1069
10	5	0.056609561920189046	1.4992513236403466	0.01730763729141541	0.37360025559030824	0.5498847399016538	1.146877334185923	1.6809031499713374	36061	825
10	6	0.08186374956534968	1.2148700402333186	0.028497733347946957	0.4306709356634112	0.6584082380667527	1.027976549011117	1.6286488415769635	34764	614
10	7	0.1092552778164984	1.7797437330087027	0.037281405785521055	0.49562725548230463	0.7742144507550694	1.2733404148476302	2.0640201434283147	33479	446
10	8	0.15034584454590022	1.6133866867293483	0.05253034371238382	0.555592662317483	0.8885912342054418	1.2018757120538874	2.0825696071400968	32231	323
10	9	0.1855514431760336	1.844817683884972	0.06961617586035414	0.604215529012552	0.9866744652292427	1.3028548187565463	2.213869690982397	31006	243
10	10	0.22060777997360623	1.7911944261619024	0.08100181322996867	0.6379520230036605	1.0646435381579573	1.2753859383918924	2.159629681932558	29809	181
10	11	0.2572982481379602	2.4288144198556743	0.0888064303072144	0.7046521205346967	1.1803403032818889	1.4606500315583677	2.4894623998393364	28642	144
10	12	0.32265028318745553	2.028175941922448	0.1117971779168209	0.749885007852792	1.278834010435206	1.3596625906673925	2.2992857165150826	27517	120
Dataset: eth ;Number of epochs: 100
obs_len	pred_len	avg_train_loss	avg_test_loss	std_train_loss	avg_train_dispacement	final_train_displacement	avg_test_displacement	final_test_displacementNum_Train_peds	Num_Test_Peds
11	2	0.015604017270939553	0.49074116469898693	0.0055462642153332724	0.23960542508783228	0.27699077294817787	0.6488938106967634	0.7827404690799676	38763	1335
11	3	0.027076009879763944	0.6969963058208426	0.009190082334042825	0.29070608001677983	0.37476403122791146	0.7134668257723458	0.9758156291609048	37395	1069
11	4	0.040456479019449425	1.2470393677055835	0.014345558722954671	0.3391953739987016	0.46932930155720726	1.0333544098269543	1.4461024805025153	36061	825
11	5	0.057049165674973104	1.255876858264972	0.020282400472397318	0.3743227335113529	0.5504303248744179	1.067433882723466	1.6111343003694698	34764	614
11	6	0.08180596683557857	1.141316538552443	0.02795058065012185	0.4301487399802343	0.6571036464741166	1.0059337121773508	1.6242128166751248	33479	446
11	7	0.10663371830739658	1.401155121948408	0.03939149948129853	0.47198032074974317	0.7469238714839908	1.1554215665065437	1.9074643022219318	32231	323
11	8	0.13455392724911994	1.6840624840636003	0.049299559398774964	0.5277847046764494	0.8528571850212248	1.2118080474838517	2.0854413829449934	31006	243
11	9	0.18350669814865614	2.1047962797539577	0.07106486915274234	0.608713503869608	0.9892403841755321	1.3902241010499394	2.2589779831136956	29809	181
11	10	0.20784475619741974	2.569779835641384	0.07706616445616142	0.6485722481283643	1.0739689833601	1.4014752916824487	2.2529356660066426	28642	144
11	11	0.2588648771246274	1.6495751738548279	0.0932606926019704	0.6982937813815747	1.1658092339049966	1.2496201166257566	2.07499708404832	27517	120
11	12	0.35069913461715163	2.2643223106861115	0.13927823859899283	0.759430507080519	1.2768002590509548	1.3804852328316533	2.1670831951629435	26428	101
Dataset: eth ;Number of epochs: 100
obs_len	pred_len	avg_train_loss	avg_test_loss	std_train_loss	avg_train_dispacement	final_train_displacement	avg_test_displacement	final_test_displacementNum_Train_peds	Num_Test_Peds
12	2	0.01718221072609682	0.40502702333033086	0.005775978773899101	0.242694187466827	0.2800816932698095	0.5809042558428862	0.6830566290024943	37395	1069
12	3	0.02745869507224312	0.8791108130663633	0.010570203991959294	0.28321274943776964	0.364837259706549	0.8841655278322399	1.131805179638991	36061	825
12	4	0.042453456902876496	1.34651375714785	0.015345101980162718	0.3280960772154947	0.4560483301205825	1.1384824264415674	1.5064288722464299	34764	614
12	5	0.05872058457226243	1.9597595115502675	0.020914982507196627	0.3759374358824345	0.5518013603814995	1.29305160234338	1.9506481002973854	33479	446
12	6	0.07673920766585303	1.2670716384182805	0.026355575491876605	0.4194114696678839	0.6411365243870156	1.0346750383769603	1.5998710621737338	32231	323
12	7	0.10223619271548362	1.5474134413035292	0.0340828204059965	0.4868723988701827	0.76192237995119	1.1303816026110918	1.8218279389244396	31006	243
12	8	0.13808310411108032	2.616292992340667	0.049898419404777294	0.5324123496615598	0.8550928942400658	1.3864787942601804	2.163394279627652	29809	181
12	9	0.1764457681766784	1.8993114531040192	0.06934836346075654	0.5878504627562703	0.9610720620850549	1.3032123774793278	2.1423303624450707	28642	144
12	10	0.20548003726784206	1.496071831746535	0.07270398056977617	0.6436340742417541	1.0619453686871736	1.1511927796461037	1.9060998777384273	27517	120
12	11	0.24805749463523458	1.5862794485357072	0.08972309275785628	0.6792794616715417	1.1406416694281827	1.3169205104871624	2.1278508551038633	26428	101
12	12	0.2965181233161244	1.5251517929136753	0.10195381665522608	0.7465396205578834	1.2574600219761076	1.2277908976477558	2.0589141710840093	25383	88
