Dataset: zara2 ;Number of epochs: 100
obs_len	pred_len	avg_train_loss	avg_test_loss	std_train_loss	avg_train_dispacement	final_train_displacement	avg_test_displacement	final_test_displacementNum_Train_peds	Num_Test_Peds
2	2	0.0775243418492775	0.05605909160179336	0.03020845418062964	0.4825675375107225	0.5713995612827716	0.2620478907400019	0.3180005657285771	47741	9087
2	3	0.1334939830342479	0.13237536157049784	0.05053383955543541	0.5758098447427548	0.7548914148476601	0.4236374895187505	0.5351299831075245	46137	8882
2	4	0.18689682732059618	0.19038197639233925	0.0729999475753356	0.6804146622369918	0.9438325948976649	0.4703992746209094	0.6748233746924632	44559	8677
2	5	0.26250141308857844	0.19335767523995762	0.10782857512337243	0.7782825694794154	1.1399295361204336	0.46600423730442225	0.6915659101794407	42981	8472
2	6	0.36208198169079914	0.23001423423072975	0.14008367083504297	0.8707795381312281	1.3138206435686846	0.5020823791652567	0.793401202653541	41421	8267
2	7	0.4693470323635709	0.29240579914190984	0.18293950931253963	0.9838050217052855	1.5278252243768031	0.5514326265378561	0.8889974832618026	39878	8062
2	8	0.5578480378069259	0.3316629824798499	0.20672913325478662	1.0589378282411424	1.6754913824920814	0.5890034210909532	0.9740680183060078	38362	7856
2	9	0.7053263238272988	0.4610308390110731	0.24479811965372394	1.1878420458590035	1.909294978898671	0.7093333219919196	1.1870124239501871	36870	7650
2	10	0.8424345777806933	0.563756002395442	0.3370426461987019	1.2866268546875335	2.109399139169918	0.7846773623956345	1.352781022270044	35420	7444
2	11	0.9854013839493627	1.0906355446062717	0.3491646104219023	1.3610223521668297	2.256298357468957	1.1279568947738534	1.9760496506514806	34009	7236
2	12	1.1651832335873653	0.9456927430935395	0.4032046189728866	1.520042919132799	2.5351268829509794	1.0439550751487703	1.8175447468804968	32631	7028
Dataset: zara2 ;Number of epochs: 100
obs_len	pred_len	avg_train_loss	avg_test_loss	std_train_loss	avg_train_dispacement	final_train_displacement	avg_test_displacement	final_test_displacementNum_Train_peds	Num_Test_Peds
3	2	0.04676325079772904	0.030391840995630113	0.01616967532197125	0.4044715967376483	0.47043890979162195	0.19601620507368045	0.23454997570378228	46137	8882
3	3	0.07661882581630829	0.10887119440617514	0.026652033443095698	0.48633609732370314	0.6234531394649983	0.37940736029305405	0.5014427202832682	44559	8677
3	4	0.1304743837330725	0.08311245979493474	0.06413785347009848	0.5689309684994827	0.7795870414869711	0.3139604173755365	0.45111096296088793	42981	8472
3	5	0.16912178454722038	0.11797212378071446	0.04820997325908854	0.6660017563144385	0.9574128995422926	0.37010731001401936	0.5571647448564107	41421	8267
3	6	0.2475862752845777	0.14068657189312547	0.08554308665844174	0.7465031775366153	1.108899596350432	0.39912270486795953	0.621063130214929	39878	8062
3	7	0.31909281839789067	0.23373039630218526	0.09767942608487723	0.841835304465599	1.280606270202764	0.5301572137153576	0.8422806621982145	38362	7856
3	8	0.4126109239191581	0.30287246614694596	0.1397637273521216	0.9351735043195155	1.4557355484732029	0.6110390214862976	1.0096043298029098	36870	7650
3	9	0.4615113293637019	0.2891014963388443	0.14445585866874583	0.9915181160437717	1.5802821822711357	0.5784282687794099	0.9498856818430216	35420	7444
3	10	0.5607354992109796	0.3835275866809835	0.18366815897587382	1.076954477072258	1.741710183633067	0.6544265901522757	1.103197835162251	34009	7236
3	11	0.6924741910719828	0.4918404403405312	0.19451295615923606	1.1724926810245886	1.9121197784732418	0.7442825480852974	1.3071591052030775	32631	7028
3	12	0.847711298169402	0.7111624656872428	0.30236024204300554	1.2536161441695939	2.074366417117154	0.91350757027782	1.6553810751624718	31309	6824
Dataset: zara2 ;Number of epochs: 100
obs_len	pred_len	avg_train_loss	avg_test_loss	std_train_loss	avg_train_dispacement	final_train_displacement	avg_test_displacement	final_test_displacementNum_Train_peds	Num_Test_Peds
4	2	0.03211900763903879	0.02222791146121773	0.014651259999382662	0.33501977737546	0.39009170557540407	0.1701407542812023	0.20195554419854503	44559	8677
4	3	0.05708295885812153	0.056165649505157775	0.018811419123419732	0.4337997465848308	0.5519658191981682	0.2785608567461108	0.3552043512549299	42981	8472
4	4	0.08421083806506667	0.05660487243474411	0.03090729258052722	0.4904053449566607	0.670749524736473	0.25379927838770017	0.374795478756722	41421	8267
4	5	0.11937877137236119	0.11232671515997683	0.040384106214990105	0.5666234702404632	0.8145609639082084	0.36095047977510347	0.5401646824104084	39878	8062
4	6	0.17321979480991026	0.13809122167416474	0.05832426188672177	0.6530427308568291	0.9699948746676728	0.4146551481608797	0.6320557455208985	38362	7856
4	7	0.20167872154464325	0.14103502452373504	0.05756713903572802	0.7065460957711375	1.09021516314334	0.3980988270702986	0.6791126741102755	36870	7650
4	8	0.27519660767708876	0.22691302257354815	0.0826370478032391	0.8011819411344695	1.2584079714220247	0.5147532499291301	0.8880888956546115	35420	7444
4	9	0.3497620410051035	0.3117734537209351	0.11494075105856431	0.8917414489386148	1.4197861476522566	0.6229061037969172	1.0568860024687738	34009	7236
4	10	0.4507376677922891	0.4180236329634984	0.15544307280792954	0.9762433101447227	1.5769099686340544	0.7075513350558315	1.2184977852128975	32631	7028
4	11	0.5140928889587663	0.4170382959391787	0.15884899644647413	1.025704670207882	1.6769492776372472	0.6979117821654651	1.2445836095910876	31309	6824
4	12	0.5963724578715979	0.4358894557226449	0.2013755365607641	1.0840310375774693	1.8005340093608042	0.6900273695622966	1.2459408475094074	30048	6622
Dataset: zara2 ;Number of epochs: 100
obs_len	pred_len	avg_train_loss	avg_test_loss	std_train_loss	avg_train_dispacement	final_train_displacement	avg_test_displacement	final_test_displacementNum_Train_peds	Num_Test_Peds
5	2	0.028547834663593268	0.023977209671671166	0.010397106964474804	0.3244723644053847	0.37591568382850493	0.1865143272193356	0.21433565316300945	42981	8472
5	3	0.044319985268009496	0.02763082732084056	0.01912479618297841	0.38537219292571795	0.49197132994407616	0.17844815904953543	0.24529176710788148	41421	8267
5	4	0.07176783559234104	0.04925076287276674	0.0275196619631348	0.4648397323195509	0.6329157640820098	0.2411398452911581	0.35346939210045014	39878	8062
5	5	0.09021260750330524	0.06501694197826717	0.025987788979716573	0.49903289910974613	0.7213736808324922	0.27438815845610126	0.41757495229877606	38362	7856
5	6	0.13309021902461657	0.09823523407801986	0.04491465866607387	0.5897048713021061	0.8823139385217784	0.32987630440025417	0.5319512769568143	36870	7650
5	7	0.18498481278974743	0.1274604397364939	0.055590675816342694	0.659234031938812	1.0104149633025823	0.36851229539120256	0.6247674135093728	35420	7444
5	8	0.2224218011420706	0.1624916065389735	0.067135930690089	0.7039559053342349	1.1174571826514816	0.4166017250818006	0.7206221406877213	34009	7236
5	9	0.2976029365308272	0.3033142842543431	0.09848617813297923	0.8073539875291609	1.2937774091281644	0.5980600319310171	1.0661143738829342	32631	7028
5	10	0.35212927146247486	0.2748775012752553	0.10200333683817146	0.8856842942072721	1.4325175624279618	0.5547231750714187	0.9848815213284505	31309	6824
5	11	0.40688775438401437	0.32474538482104737	0.1168133771670892	0.946946941688703	1.5560788354868318	0.6017139620414171	1.0721621831974801	30048	6622
5	12	0.49914776124060156	0.4152284666111595	0.14053628281661448	1.026429428165529	1.6972264486907116	0.6855385960967632	1.255578337070399	28826	6423
Dataset: zara2 ;Number of epochs: 100
obs_len	pred_len	avg_train_loss	avg_test_loss	std_train_loss	avg_train_dispacement	final_train_displacement	avg_test_displacement	final_test_displacementNum_Train_peds	Num_Test_Peds
6	2	0.026619935168023155	0.02166015373111652	0.014372802084026554	0.3036054061771188	0.35370375571735746	0.1747025238252016	0.20026538488301068	41421	8267
6	3	0.04609819024058413	0.032680737357217785	0.01694997283248308	0.377250643215258	0.4825887795035835	0.1959912973072102	0.2615888165233269	39878	8062
6	4	0.054062243467656736	0.03713519391209925	0.01774256720810885	0.4251939837532185	0.5834455073077877	0.20421203287031311	0.30654190543766596	38362	7856
6	5	0.08685880727194345	0.06717003393918276	0.026155642555612476	0.4938697432584931	0.7097800537931611	0.27157567834970536	0.41980130997966797	36870	7650
6	6	0.11286039968862359	0.11024981330741536	0.03682762633992672	0.5386330881754313	0.811596909068731	0.3641361505026196	0.5820676194424927	35420	7444
6	7	0.1577474902116734	0.11567859011253125	0.059617992214494264	0.6181115453667807	0.9557274604647761	0.35151631564734775	0.5942801648592173	34009	7236
6	8	0.1957659283669804	0.16989410385871545	0.06425405436285482	0.6831451222165081	1.0796992037512716	0.44163817208195244	0.7652761456311321	32631	7028
6	9	0.253166249499036	0.2061239448930933	0.08441605115573005	0.7330890796349722	1.1868712938596833	0.4668698551359472	0.8529650648588651	31309	6824
6	10	0.30688159487077166	0.2438890334839622	0.09447478083947607	0.8024060614451721	1.3168395551727623	0.5107205408979256	0.9353857437442588	30048	6622
6	11	0.376559645930926	0.276964772884783	0.12865916917019035	0.8668914818867439	1.4354098144709109	0.529590407605164	0.9839536910023313	28826	6423
6	12	0.44907123010419714	0.4791378386794253	0.1603524839804852	0.9620825065277441	1.6003772327901655	0.7634155649104879	1.3682364055276035	27676	6225
Dataset: zara2 ;Number of epochs: 100
obs_len	pred_len	avg_train_loss	avg_test_loss	std_train_loss	avg_train_dispacement	final_train_displacement	avg_test_displacement	final_test_displacementNum_Train_peds	Num_Test_Peds
7	2	0.028841408758169217	0.015675260482521932	0.019650597292471136	0.3055592790973575	0.3542390199464622	0.14377203739575564	0.16933699426087412	39878	8062
7	3	0.03851134140032953	0.02755579558103832	0.016129289092281007	0.34154051386417456	0.43963548556341286	0.17960066224067467	0.24117174898431235	38362	7856
7	4	0.05453522532330587	0.03854289960116148	0.018385656675011706	0.3922549148898483	0.5415978828366154	0.2078005055127234	0.31103081612182937	36870	7650
7	5	0.0743435253614625	0.053132052392219055	0.024102036578726973	0.4580294796361939	0.6627172130289396	0.23906671659903167	0.3772552588104983	35420	7444
7	6	0.10390281226971874	0.07944000107685321	0.034418153858385446	0.5222388751025954	0.7870177519501812	0.2888485188491842	0.48075179994947564	34009	7236
7	7	0.1541273165595618	0.14008515565059124	0.054913153520589654	0.5975062234858265	0.9212834469852327	0.4103428093680559	0.6419445095768943	32631	7028
7	8	0.18958172197868972	0.1407444201448421	0.05904698184911782	0.6457457017303218	1.026876247558496	0.37800582388184567	0.6601043261664498	31309	6824
7	9	0.24010128244048073	0.18368744908366352	0.08107941556020534	0.7051002836763902	1.1422468144315627	0.4364932759436186	0.7920521682466397	30048	6622
7	10	0.2894524272841712	0.2568509548510376	0.10801046251314327	0.7912289095655851	1.296327908535522	0.5296041705566137	0.9814138515342433	28826	6423
7	11	0.3576827347440213	0.3856620538107892	0.11862041823718752	0.861863140686523	1.4225772135856387	0.665395989966558	1.2310083562814398	27676	6225
7	12	0.41052780354319657	0.43215280890783525	0.12606310138699597	0.892124772283282	1.5002225207916382	0.7002900855755785	1.329266197828142	26573	6029
Dataset: zara2 ;Number of epochs: 100
obs_len	pred_len	avg_train_loss	avg_test_loss	std_train_loss	avg_train_dispacement	final_train_displacement	avg_test_displacement	final_test_displacementNum_Train_peds	Num_Test_Peds
8	2	0.023337176805477082	0.014156810700689531	0.011284251803054934	0.28807755388855394	0.3346439901348003	0.1323751825531958	0.1592547219726758	38362	7856
8	3	0.036188777207802884	0.024237669338472188	0.013845861691392127	0.33719865750241457	0.4339235708755954	0.16828561224229333	0.23298992078415895	36870	7650
8	4	0.053125323391891084	0.038415161253075404	0.018841329627574385	0.3852203768364957	0.5320298383064199	0.2081842850621636	0.3089185033252253	35420	7444
8	5	0.07575438978231472	0.060165189821178536	0.02832964613702941	0.43834315053236617	0.6388961940866893	0.25891174562163627	0.4129323874159503	34009	7236
8	6	0.10101646573000508	0.0902753489712874	0.03402364773561967	0.5186651425734958	0.777829563474213	0.3192829344276256	0.5421135826293583	32631	7028
8	7	0.1384646491813818	0.1133348246351116	0.044044071808698786	0.5732134473557119	0.889986575438041	0.3476762179314836	0.6043724863539635	31309	6824
8	8	0.18553856925831902	0.14627573842881247	0.05751561008860405	0.6433127811088732	1.0179837189009429	0.39609393464126824	0.7115795906760268	30048	6622
8	9	0.2113170824634532	0.1764895007994614	0.061084854478391966	0.6967614980579786	1.123957153616218	0.41615051146930765	0.7530512418587488	28826	6423
8	10	0.27061934470160665	0.23126386902592283	0.0869083339003891	0.7444249739958716	1.22874861211374	0.49112790048237703	0.9191829153072223	27676	6225
8	11	0.325987710335136	0.3214405693791129	0.10414719603072564	0.81169367315636	1.3471199753628678	0.5904300695530069	1.1040853331982647	26573	6029
8	12	0.39494438761796796	0.4122580177880622	0.13303173881569968	0.8724004251082872	1.4614110943704275	0.6696832263708291	1.2758706893686234	25507	5833
Dataset: zara2 ;Number of epochs: 100
obs_len	pred_len	avg_train_loss	avg_test_loss	std_train_loss	avg_train_dispacement	final_train_displacement	avg_test_displacement	final_test_displacementNum_Train_peds	Num_Test_Peds
9	2	0.025219917692876875	0.016048883143812417	0.010262696931536119	0.2915272185456995	0.3367544675865709	0.14486288605957395	0.17272304085365356	36870	7650
9	3	0.03740361593477117	0.03271262702353374	0.014118894486078705	0.33974126990665965	0.4359035360426336	0.20814028737681292	0.2740779895164569	35420	7444
9	4	0.04891195004401	0.03286906995994942	0.018334922718836976	0.3848029495760021	0.5313611654684709	0.18072295341011005	0.27848285091305197	34009	7236
9	5	0.0730262276447782	0.05504553943681411	0.024005889497954798	0.44005030370099696	0.6396001856106547	0.24362105594285055	0.3846368690591821	32631	7028
9	6	0.09921074968248436	0.0790488327723093	0.03198981673169661	0.5053479093878049	0.7572416787406067	0.2845980147085086	0.4823613437052602	31309	6824
9	7	0.13139778240731667	0.1266899228018398	0.041739327290381024	0.5568483892712668	0.8650146110299631	0.3748495769671554	0.6283101960352164	30048	6622
9	8	0.16322748840320855	0.14793705934364546	0.05114902806071064	0.6190271301006913	0.9859262495760698	0.40260388547149256	0.7200021950598913	28826	6423
9	9	0.21281818677055087	0.2398886691501483	0.07114781871804066	0.7013309747423513	1.127425468111033	0.5009154193968223	0.8359588737804109	27676	6225
9	10	0.2542419318463738	0.2249138391511963	0.08919769035507628	0.7381888655233901	1.2086998315125062	0.4927802613638852	0.9346087900583925	26573	6029
9	11	0.3103993815979777	0.37094631227287084	0.09077519057798103	0.7960673111784742	1.324023985690488	0.6573543918170431	1.1671355531010046	25507	5833
9	12	0.383807333868624	0.5834460126665922	0.11019782236573285	0.8813509905114387	1.4686711248440802	0.8154142452065192	1.5089499372224602	24479	5638
Dataset: zara2 ;Number of epochs: 100
obs_len	pred_len	avg_train_loss	avg_test_loss	std_train_loss	avg_train_dispacement	final_train_displacement	avg_test_displacement	final_test_displacementNum_Train_peds	Num_Test_Peds
10	2	0.023400751782117882	0.013873421137851446	0.008837774449110018	0.28637543051052344	0.3305251892175008	0.12736842191452075	0.15043548358877096	35420	7444
10	3	0.03633093237067046	0.02380344378501933	0.014464106902324645	0.32999169199159434	0.4246132159413919	0.1648761215342742	0.22383705037003843	34009	7236
10	4	0.051688590920285174	0.03742829485772512	0.021969486266364507	0.3800221678464014	0.5243128634525928	0.20326359416633524	0.30074649876574727	32631	7028
10	5	0.07154596617455954	0.06719718040618564	0.02550564360478753	0.43590695801561535	0.6325483985223781	0.2876107036042387	0.44596945681638167	31309	6824
10	6	0.10670363815087411	0.0731674106985641	0.04675179600666795	0.49349134688431834	0.7444818569093901	0.27438966530028785	0.4616642867187652	30048	6622
10	7	0.12395693923657139	0.10570338145878753	0.04064611778049412	0.5520452293432244	0.8569998903669054	0.3326601044062113	0.5933553532373216	28826	6423
10	8	0.16236790981539675	0.20649269504591505	0.052041938822721415	0.6126201413141822	0.9742533003233698	0.478729338043714	0.7919257044820321	27676	6225
10	9	0.2042349444289283	0.2556877947825799	0.07135941787301142	0.670805084724081	1.0855475314475196	0.5601977067235064	1.0006487659525936	26573	6029
10	10	0.24116273391683615	0.3265715163301777	0.07135293310054173	0.7299356720545616	1.1947437937325032	0.5949173416686225	1.1629191911550907	25507	5833
10	11	0.3039725148165138	0.3665297617624094	0.08927055848176871	0.7835441311441476	1.3003129163100713	0.6343098115664981	1.1885655855300972	24479	5638
10	12	0.37783716869292644	0.4624910156759951	0.12525774300487402	0.8442456666124925	1.4091966048815314	0.7185845050329984	1.3447132055136441	23499	5445
Dataset: zara2 ;Number of epochs: 100
obs_len	pred_len	avg_train_loss	avg_test_loss	std_train_loss	avg_train_dispacement	final_train_displacement	avg_test_displacement	final_test_displacementNum_Train_peds	Num_Test_Peds
11	2	0.027565590674462525	0.019175530954968507	0.010949466673242687	0.29066518689744	0.3331144477394443	0.15740031290719664	0.1897140222280935	34009	7236
11	3	0.04412358166639796	0.024788296127166504	0.02843870563694135	0.3303041292029072	0.4224004339890484	0.16888629145848016	0.23022795673075958	32631	7028
11	4	0.04985045461758151	0.053802740050798256	0.017651214137531776	0.3805135782321454	0.5255052355635328	0.2742383427994635	0.3621640477634448	31309	6824
11	5	0.07582390209704283	0.0555208890097371	0.024818067788760063	0.4331899226204008	0.627470928467173	0.2410369242600445	0.3939033076188719	30048	6622
11	6	0.09619595089073603	0.0794238917333515	0.03138938200972372	0.4865214555018004	0.732890714737672	0.2881663196451853	0.47202465028540547	28826	6423
11	7	0.12422952653108864	0.11306947576714323	0.039165099783939075	0.5605068721234691	0.8669592054813651	0.34742469897599165	0.5895159922941688	27676	6225
11	8	0.15870853968605197	0.1507323840085198	0.04999402081357858	0.5887499546508803	0.9410810923272095	0.3978488193301246	0.7086784549918425	26573	6029
11	9	0.19963366449337197	0.19348716866728422	0.06025279210615328	0.6603420664611401	1.069024066359426	0.452952559278521	0.8123262219582891	25507	5833
11	10	0.23812914896977716	0.29832901867045153	0.06697872792922382	0.7183108128501988	1.1773959849387914	0.5768971349997225	1.0888450453187144	24479	5638
11	11	0.3019886963858777	0.3911285022066699	0.08324505460664607	0.7743266228022663	1.2866201612749169	0.6625532093991218	1.2376937872911034	23499	5445
11	12	0.3353980970342417	0.49991325166939343	0.09997336213173125	0.8355773279945075	1.3941667039867274	0.7796950425534721	1.426455716166686	22554	5252
Dataset: zara2 ;Number of epochs: 100
obs_len	pred_len	avg_train_loss	avg_test_loss	std_train_loss	avg_train_dispacement	final_train_displacement	avg_test_displacement	final_test_displacementNum_Train_peds	Num_Test_Peds
12	2	0.026963419551384753	0.01729273099022416	0.014707319786588537	0.2768310743074914	0.31892486990229413	0.14875531439769984	0.17232465406938977	32631	7028
12	3	0.04169302161931426	0.038101678057887396	0.014665082944068986	0.3387430190036887	0.43360336835681784	0.21341318904225456	0.2905687475692348	31309	6824
12	4	0.048961737126644166	0.036954113107640296	0.018450327321057784	0.3924018753955473	0.5378136845680832	0.20054223230802815	0.3019911369587946	30048	6622
12	5	0.07101342422732462	0.05705462873570229	0.021645853130041064	0.4358944247701016	0.6304189885955991	0.2473467756826826	0.3852828817243139	28826	6423
12	6	0.10097313332906772	0.0771064263709048	0.036661179111358556	0.49329375863331665	0.741540656503388	0.2832058966233432	0.47740102522611605	27676	6225
12	7	0.1161323468120794	0.10533702889467306	0.03590762796409616	0.5440347353677735	0.8431776115082036	0.32714118359899397	0.5871718031811702	26573	6029
12	8	0.16670577733581513	0.15388080836147874	0.05754340684760525	0.5997691221653597	0.9504297996714283	0.40789381551052845	0.7167658999643337	25507	5833
12	9	0.19397197420349216	0.37924639266598353	0.05720420900450708	0.6524297858395192	1.055229730528362	0.6845766926582181	1.2021004431132358	24479	5638
12	10	0.24266186731961348	0.25859911040299466	0.08460701968310641	0.7461060841433697	1.2079033922133497	0.53034378448508	0.988443860646646	23499	5445
12	11	0.28849876422334364	0.4008017585186635	0.08734748302012718	0.7778782916105264	1.2776210635130436	0.6667873450637681	1.2620271886781365	22554	5252
12	12	0.33989050566730367	0.5827469058547701	0.10865206447260958	0.8468289150858336	1.4041323152061964	0.7806554746540026	1.5313596796152156	21655	5059
