Dataset: eth ;Number of epochs: 100
obs_len	pred_len	avg_train_loss	avg_test_loss	std_train_loss	avg_train_dispacement	final_train_displacement	avg_test_displacement	final_test_displacement	Num_train_peds	Num_Test_peds
2	2	0.06152316440703892	0.38967019347991383	0.027840289003977763	0.42372238988919325	0.5016531112097952	0.5984762975451411	0.7420595348802287	52002	4312
2	3	0.09937899401237876	0.7281083181716393	0.03448570394109191	0.533171080449525	0.6970208833001678	0.8209141681013612	1.1560187232326433	50473	3957
2	4	0.1498964208300517	1.202165894661889	0.05342243860303939	0.6271922194533587	0.8723822933353104	1.0637535412966828	1.6259038477786047	48962	3606
2	5	0.20444110898746318	1.6614120735062494	0.0753958727642669	0.7016615224376992	1.0219287865851772	1.2651382226228653	2.0953430895197007	47451	3257
2	6	0.2783707678708618	2.398941472297957	0.09524499707809506	0.7932577692335537	1.1946917393063985	1.5524218515044328	2.63770811904996	45954	2916
2	7	0.38890648197377703	3.4582302602561743	0.1296403522666158	0.9035161595790991	1.4017120571966097	1.880384552210796	3.2008500981738357	44472	2577
2	8	0.4142667638537985	4.106333216615751	0.13823734587997774	0.9435926577509965	1.5049324004095317	2.032259552801172	3.5501378890791804	43010	2248
2	9	0.5290603573714103	4.895870347385821	0.1973114626305828	1.03807646994107	1.6709138396547658	2.261783435892301	4.068203877320015	41567	1924
2	10	0.666240998978772	7.048301133108728	0.22192708187073074	1.1493537933451372	1.8696875480039326	2.750395994200885	4.859916943662298	40154	1621
2	11	0.7521598471025013	8.470906371801671	0.24723476892258783	1.213365893508095	1.9970987321472655	3.045855030852049	5.410075905268076	38763	1335
2	12	0.9120983497116221	10.336473147074381	0.28072123961093687	1.2949020135908442	2.1604305910861084	3.453442239081139	6.082303597050996	37395	1069
Dataset: eth ;Number of epochs: 100
obs_len	pred_len	avg_train_loss	avg_test_loss	std_train_loss	avg_train_dispacement	final_train_displacement	avg_test_displacement	final_test_displacement	Num_train_peds	Num_Test_peds
3	2	0.0412878817618356	0.3954541972581891	0.012972902540642501	0.3934036863156314	0.4559333350146576	0.570766507631412	0.7027197898743716	50473	3957
3	3	0.05798781868728875	0.6591456019404259	0.0220754756790086	0.44452529066882945	0.5705762841214279	0.735403637601033	1.012224816601225	48962	3606
3	4	0.08132942274433098	1.1049009289533374	0.028166634911195945	0.5109931561838592	0.7023207289147299	0.9763727115205223	1.4739704404370257	47451	3257
3	5	0.13161771107821446	1.5325596857221186	0.054075504095182705	0.6070574228843747	0.8731275718276754	1.1492532231397838	1.82892239858132	45954	2916
3	6	0.1860512839991804	2.193223558030687	0.058258708717549096	0.6770921022235918	1.0104524629733274	1.4493752542513527	2.38400988318911	44472	2577
3	7	0.2266979142208106	2.9203959802786508	0.07606120778175976	0.7401256402178094	1.1336843823423595	1.6450893610666797	2.8372565772491196	43010	2248
3	8	0.3293103063961009	3.702164733539457	0.094219766789705	0.8738511617011343	1.3619970951838856	1.9459344731062778	3.3747775917853544	41567	1924
3	9	0.3912040268986307	5.376544762540747	0.12811193517409813	0.9165615398831225	1.4636414448319293	2.360735517269154	4.090014808063151	40154	1621
3	10	0.4534575868173668	7.289468298495655	0.13392669677212038	0.9939578038763633	1.6088936361379795	2.702252524085354	4.6028825031269465	38763	1335
3	11	0.6142481726044452	8.524385066827138	0.19164224771543867	1.091707930643678	1.77823505868455	2.9787596335066238	5.194351217771801	37395	1069
3	12	0.6801475023467906	10.471348462104798	0.21494278794442628	1.1608294709121356	1.9205187470958909	3.2979665571006187	5.65860609946805	36061	825
Dataset: eth ;Number of epochs: 100
obs_len	pred_len	avg_train_loss	avg_test_loss	std_train_loss	avg_train_dispacement	final_train_displacement	avg_test_displacement	final_test_displacement	Num_train_peds	Num_Test_peds
4	2	0.02978547298081332	0.4259968442898808	0.010824528747431384	0.34084017505780867	0.39468122219550444	0.6088222710714967	0.7577223874098559	48962	3606
4	3	0.04489119502699007	0.6157047425707182	0.01576920809283909	0.4037192959076845	0.5144417860351728	0.7234675095086753	0.9862855800886066	47451	3257
4	4	0.06646206004112998	1.1728656075331343	0.022017270148983803	0.4676930448903162	0.6375917796400628	0.98436796571679	1.457361873957684	45954	2916
4	5	0.10010965143042395	1.5839271109114896	0.032012442632052725	0.5459721646489173	0.7801440780456892	1.1679516475932303	1.8074177045525932	44472	2577
4	6	0.13931540155174305	1.9319884536020897	0.04619279909523465	0.6133959958034365	0.9122309090978193	1.3324670535745538	2.1892849369575353	43010	2248
4	7	0.17533655235400566	2.7896456673093466	0.05924433235739632	0.6674162122101872	1.022247178105011	1.6073940498551453	2.646405049263762	41567	1924
4	8	0.2404842382366302	3.8849669304894814	0.07691702076577502	0.7690772895904888	1.2012216248887024	1.9257290090698622	3.2260299739584575	40154	1621
4	9	0.3053972161376354	4.9406652517721685	0.12568808233137568	0.8284431170247454	1.3268962979070105	2.187826194992898	3.7457872751138095	38763	1335
4	10	0.36868041253323297	6.680884445707004	0.11882719935526971	0.8963915440035171	1.4513853013979998	2.534867679884601	4.32307003926958	37395	1069
4	11	0.4663931662346333	7.732273349761963	0.1513635415694565	0.987831825500201	1.6102473828117045	2.7538544077764913	4.740857816420526	36061	825
4	12	0.48355723132216744	8.362278326963766	0.1555825856474943	1.0363134632613265	1.7170670961663839	2.8599146611221142	4.883899084682524	34764	614
Dataset: eth ;Number of epochs: 100
obs_len	pred_len	avg_train_loss	avg_test_loss	std_train_loss	avg_train_dispacement	final_train_displacement	avg_test_displacement	final_test_displacement	Num_train_peds	Num_Test_peds
5	2	0.023006714981020568	0.5818430488958718	0.008041529319370917	0.2990608340379436	0.34755191784295314	0.6399830979629038	0.7519390151235703	47451	3257
5	3	0.037913234081719836	0.6965104652678266	0.012424360817624899	0.3507663237435395	0.4488236206008864	0.7275076557487066	0.9721413728986609	45954	2916
5	4	0.05537994181515382	0.9500570432828354	0.018031286196694116	0.42303825684545177	0.5786059975753404	0.8799314173218952	1.3005895947646489	44472	2577
5	5	0.08247571808022285	1.3674943840094642	0.0293497274931497	0.49552160634677106	0.7100575659157187	1.0691861374464597	1.670497708523718	43010	2248
5	6	0.11155214181521556	1.8304414541825005	0.03464493373608792	0.5534364449118824	0.8247231536221453	1.2371433733374873	1.9667278766597676	41567	1924
5	7	0.15306941075597416	3.245431810617447	0.052423781878944496	0.6216877143585201	0.954745164157156	1.6858448445848364	2.649728649402164	40154	1621
5	8	0.20229192790896708	3.093472940821043	0.062305492095279295	0.6916683704697788	1.0860970149313294	1.7011911052324613	2.875428794286016	38763	1335
5	9	0.2486018918409764	4.970196625590324	0.08922581470285396	0.7425576722454005	1.1943611264283298	2.158242097100591	3.567561149798792	37395	1069
5	10	0.32512784810302064	5.030161607265472	0.12417759619299487	0.8354963888438691	1.3499574123153364	2.1525875955165326	3.652255673634166	36061	825
5	11	0.3943029900628423	6.8248192102481156	0.13069993635408714	0.9306586395483268	1.511835665468599	2.5894736425067624	4.393640762487454	34764	614
5	12	0.45192866409623544	7.083131981889407	0.14621165128430608	0.9759574359418042	1.6124580657968084	2.5604460717289976	4.384872131748458	33479	446
Dataset: eth ;Number of epochs: 100
obs_len	pred_len	avg_train_loss	avg_test_loss	std_train_loss	avg_train_dispacement	final_train_displacement	avg_test_displacement	final_test_displacement	Num_train_peds	Num_Test_peds
6	2	0.020258821051465262	0.5358388935442732	0.006997147160303323	0.28415018082249244	0.3303981124167157	0.5835389706041714	0.6866192858416352	45954	2916
6	3	0.0346217407998311	0.7703442614491995	0.011993832276207098	0.35764417948813354	0.4561098020545561	0.7346425207441295	0.9570536452575915	44472	2577
6	4	0.04880379332374735	0.8036496801411405	0.01716776267251888	0.38913752099202154	0.5332367448841188	0.8161145701907722	1.2014970386780865	43010	2248
6	5	0.07113063249189953	1.308637961016401	0.023726612857804946	0.4619239163009839	0.6635628417096081	1.0246483245048061	1.5227972235845029	41567	1924
6	6	0.10511101002039062	1.7678334775530262	0.0357897544131949	0.5206392226151958	0.7785159779967719	1.25386740879237	2.007689453635945	40154	1621
6	7	0.1420761674106471	2.407458502641866	0.05486604435147016	0.5833126483285537	0.8979781699401153	1.462984764178785	2.350211903461723	38763	1335
6	8	0.17756125107631984	4.147081846495469	0.0639593672053842	0.6407540821942912	1.0107127601488022	1.9035427384988677	3.071510669619193	37395	1069
6	9	0.23438764180429567	4.1036307084560395	0.08768368194212005	0.732538702603127	1.1657622722883625	1.914817668318613	3.159827875007523	36061	825
6	10	0.27635944208928515	5.99014334495251	0.09039900872109978	0.7918276180094714	1.279942081575695	2.221944849698542	3.6344296371267046	34764	614
6	11	0.3648161550776826	6.018624571959178	0.12105975259089452	0.8905338632806288	1.4437973882708908	2.2757147175610015	3.8051597546030176	33479	446
6	12	0.4042360630852205	6.804357196973718	0.13663943191445557	0.931941477121366	1.5318163762743755	2.5107328152255475	4.086748117927346	32231	323
Dataset: eth ;Number of epochs: 100
obs_len	pred_len	avg_train_loss	avg_test_loss	std_train_loss	avg_train_dispacement	final_train_displacement	avg_test_displacement	final_test_displacement	Num_train_peds	Num_Test_peds
7	2	0.018731223178685828	0.36376733584581195	0.006736423651198036	0.26335031981504703	0.3059750625334947	0.5141723659483658	0.6226486438004477	44472	2577
7	3	0.027935438421229985	0.6183264948719857	0.009307605508890295	0.3204949616122604	0.41251975473805613	0.7061697802962353	0.9381995365891882	43010	2248
7	4	0.04565036102894928	1.0652064332819504	0.016062687874120136	0.38437981189729403	0.5247504869434817	0.8734326709135591	1.2518414140082843	41567	1924
7	5	0.06492583475003612	0.8031179463421857	0.0215851733966529	0.4280847350418589	0.6196078667102985	0.8452561727518751	1.3591788158780427	40154	1621
7	6	0.10000572617544565	2.3523418456315994	0.03214579169339156	0.5080553741302183	0.7583847598394488	1.3854009162970204	2.144102094395208	38763	1335
7	7	0.13028293792214468	3.388245914379756	0.04347583277856001	0.5505840428106438	0.8495280674358584	1.58532829395516	2.495501296939233	37395	1069
7	8	0.16532650950956382	3.5484264302253723	0.0659053683571147	0.6165897400459355	0.9735974320945854	1.6154633683542485	2.5845789528164915	36061	825
7	9	0.23392444819448485	3.714830512419725	0.08389565026866572	0.7130235724176921	1.1256739618249456	1.8644830309413498	3.089239910843245	34764	614
7	10	0.25874857078580293	5.014026141166687	0.09301030387257804	0.7325422728679736	1.1918058511416756	2.0033911619075155	3.3315604008820916	33479	446
7	11	0.3272350154164865	5.950670789117399	0.11188845486983325	0.8251284188436138	1.3465185990693427	2.3215620655437594	3.666095445181167	32231	323
7	12	0.3717242743845822	5.945512705727627	0.1318120410250143	0.8843162394069519	1.4649561231106227	2.2587387873006555	3.716620300918322	31006	243
Dataset: eth ;Number of epochs: 100
obs_len	pred_len	avg_train_loss	avg_test_loss	std_train_loss	avg_train_dispacement	final_train_displacement	avg_test_displacement	final_test_displacement	Num_train_peds	Num_Test_peds
8	2	0.01868452049763784	0.4737419074437782	0.006853864279056683	0.2688663949785959	0.3103504879411138	0.5555301370223734	0.6662414752909429	43010	2248
8	3	0.03269056224400972	0.669708448421696	0.011008607323026689	0.3236170515405991	0.41623251632366703	0.7337065966097245	0.9578822804896037	41567	1924
8	4	0.039897528202152865	0.6810082638705218	0.013243677781920956	0.36483696311016856	0.5020672344826655	0.7277877460879009	1.0786398402844664	40154	1621
8	5	0.06371108973986865	1.7097654021541837	0.021282877591622926	0.4209247547652454	0.6077492738664134	1.0591344531594291	1.5426191175851076	38763	1335
8	6	0.08622316590858152	1.2885376788675784	0.028318640959444915	0.46995364562893727	0.7071387751399193	1.0325863982832477	1.6817047784727015	37395	1069
8	7	0.12213718570146992	2.02773741543293	0.041479327979064846	0.5380157683158664	0.8297799766156478	1.2873478004187064	2.0769542725859864	36061	825
8	8	0.1607978731098156	3.7753137602255893	0.05492827810427154	0.6013273065332808	0.9438672148176364	1.8554143940827597	2.9269378874453773	34764	614
8	9	0.1936170748538441	4.128592498103777	0.06640740507682248	0.6581740432217391	1.0547829509591025	1.8481302219352258	3.005455637858602	33479	446
8	10	0.264908602781067	4.371283173561096	0.09361699099016096	0.7208437190452817	1.1699756905488103	1.9306662833717172	3.142273614663717	32231	323
8	11	0.2940657897787686	5.419127683890493	0.11143166953785646	0.7545999714690169	1.2536926473173764	2.0895377754668334	3.3695727644418576	31006	243
8	12	0.35149550998392826	3.8288767550672804	0.13140291437559456	0.8639938509675688	1.4179957796843032	1.7903300991366549	2.8270679417961264	29809	181
Dataset: eth ;Number of epochs: 100
obs_len	pred_len	avg_train_loss	avg_test_loss	std_train_loss	avg_train_dispacement	final_train_displacement	avg_test_displacement	final_test_displacement	Num_train_peds	Num_Test_peds
9	2	0.017849412261527944	0.5650691733007198	0.006474855007272459	0.2550380167382085	0.2947115867162745	0.6004111650078804	0.7057678012276795	41567	1924
9	3	0.028513093490986137	0.6442733999387718	0.00987612247549865	0.3167069919880824	0.40605934505937946	0.7125173884162548	0.9593832594827144	40154	1621
9	4	0.04200631428630298	0.7369312806658341	0.014815511407665054	0.3484320473014618	0.48451939997519367	0.779301784534818	1.1102677829852723	38763	1335
9	5	0.0713224721937833	1.6014091144005458	0.05344802645107898	0.3980115780809945	0.5819231383049854	1.139093601546029	1.6566545085463156	37395	1069
9	6	0.0865935374776814	2.4594291669130324	0.04291668400812163	0.46248752123803405	0.697252049274897	1.431338460774718	2.165880735980085	36061	825
9	7	0.11162162230956175	2.275604562499584	0.03666801094513952	0.509096417303751	0.7939276858066966	1.3515018279265245	2.1717950195423055	34764	614
9	8	0.14486829106531598	2.101354749004046	0.05278859168612556	0.5777554467181442	0.9152722977467953	1.306835507420258	2.1957688153266215	33479	446
9	9	0.198764760561463	2.328613848142002	0.06904790590293713	0.6466496178843618	1.033370923787226	1.3855711640952622	2.3290566164831255	32231	323
9	10	0.23707838056402075	3.358394320073881	0.08172100195065701	0.7058803265420425	1.1451071952335528	1.7228060111413879	2.836270994271757	31006	243
9	11	0.2787148269291305	4.641210751874106	0.10014359890828761	0.7454965860815643	1.2290946740771052	1.9415576532246273	3.047318145079967	29809	181
9	12	0.3546187649290579	2.997327799598376	0.11982114565618728	0.8576738972791743	1.3964008773656351	1.5592191358233112	2.4719718321961026	28642	144
Dataset: eth ;Number of epochs: 100
obs_len	pred_len	avg_train_loss	avg_test_loss	std_train_loss	avg_train_dispacement	final_train_displacement	avg_test_displacement	final_test_displacement	Num_train_peds	Num_Test_peds
10	2	0.015642071932015198	0.5050567755314671	0.0056537366551508515	0.24173823882121812	0.28049169883312036	0.5953924989139365	0.7093691972017969	40154	1621
10	3	0.027986346205174047	0.5991601729896706	0.00870343276329375	0.3094766720723767	0.39760457934328536	0.695430544289041	0.942441740080597	38763	1335
10	4	0.043745391596815585	0.7036950389544169	0.014107503929969744	0.3690940648215453	0.5072751856460458	0.7794252271521103	1.146638553704178	37395	1069
10	5	0.05947378739553404	1.0916666465997695	0.02057892701006951	0.40678190770147266	0.5900634714049354	0.9977634604209065	1.4831044404710105	36061	825
10	6	0.08501319412792487	1.137687868414781	0.030106604863026167	0.46809575151323485	0.7006145197277627	1.0085076713574386	1.6168313259999862	34764	614
10	7	0.11363781505611305	3.370674098531405	0.038688795104037915	0.5078743054473229	0.7870783203921771	1.6231064560272281	2.479004005267972	33479	446
10	8	0.1428821916795439	3.1783262685589166	0.05518213198468204	0.5592139916163714	0.8893967869950077	1.6171965506667676	2.6000762384433225	32231	323
10	9	0.1802187926756839	2.9722026429678263	0.0629325413306302	0.6316950669554604	1.008235734629063	1.5619567838853505	2.5209311761226	31006	243
10	10	0.232802803295412	3.8279113343783786	0.07781474831897878	0.6747082454413862	1.095468626899188	1.657372076954512	2.74543151950514	29809	181
10	11	0.28104939902388254	2.6652146925528846	0.10044249874740713	0.7587120561341727	1.2383635982530203	1.4921447584802978	2.455402041900064	28642	144
10	12	0.31562793819029206	2.3124033652923326	0.12281053931198534	0.8217242029420949	1.348040938694165	1.425685883228528	2.249871891966323	27517	120
Dataset: eth ;Number of epochs: 100
obs_len	pred_len	avg_train_loss	avg_test_loss	std_train_loss	avg_train_dispacement	final_train_displacement	avg_test_displacement	final_test_displacement	Num_train_peds	Num_Test_peds
11	2	0.01673802376106633	0.6234117113578488	0.0060276723728886	0.24654119774260105	0.28460978917053487	0.6627445368607463	0.7939894636823805	38763	1335
11	3	0.029073354558099108	1.1467239417135715	0.009789466499112451	0.29746290699526035	0.38370896878852684	0.9340366079062757	1.1921342387672922	37395	1069
11	4	0.041845488655661595	1.1751657126843928	0.015286718239292367	0.3471730652546489	0.4828092843129313	0.9829177344910981	1.382886516465251	36061	825
11	5	0.05906987298753053	1.515740800362367	0.019464778787185052	0.40995180023333977	0.59120966412454	1.1318746922627863	1.6444171105496588	34764	614
11	6	0.08466733896837028	1.3186405450105667	0.02903744848413581	0.45612266302064863	0.6861062885419748	1.0952888335406545	1.731934236800955	33479	446
11	7	0.117112953316182	2.0164038208515747	0.04247862212545636	0.5207570132227577	0.8055046461605923	1.311450157062776	2.104614798196067	32231	323
11	8	0.14528396342130792	1.6999821866813458	0.050761434316846425	0.5688252413691139	0.893300776581287	1.2019041820651863	1.9318150606217661	31006	243
11	9	0.18442296040791156	2.8648695711578642	0.06522123858198685	0.6286266255230953	1.0022034967787783	1.4981709564231005	2.4477164570755923	29809	181
11	10	0.20442014400151362	2.408553794026375	0.07057107353093153	0.663593139532435	1.0804213863231702	1.4210617286527263	2.3191842450419684	28642	144
11	11	0.2699274146904261	2.071271563118154	0.09908746350604013	0.7496014580884073	1.21401122477458	1.416945085296046	2.297756034910085	27517	120
11	12	0.3271672855207544	2.906804144382477	0.12595040603494512	0.7867872430335658	1.3003026619003315	1.639224096197935	2.503473748496331	26428	101
Dataset: eth ;Number of epochs: 100
obs_len	pred_len	avg_train_loss	avg_test_loss	std_train_loss	avg_train_dispacement	final_train_displacement	avg_test_displacement	final_test_displacement	Num_train_peds	Num_Test_peds
12	2	0.01632374165304768	0.607659412547946	0.005645476160038894	0.24958618602756152	0.2868137895768202	0.6930439957662234	0.8151985510414532	37395	1069
12	3	0.028630576428987514	1.1533868837356567	0.009636787666977627	0.3040397949433338	0.39050175600667747	0.9926289587292573	1.2676233555679561	36061	825
12	4	0.042839805453660944	1.2805389309158692	0.015198559658100092	0.34118661869299993	0.4749028725172882	1.0525546900482288	1.4943471844654148	34764	614
12	5	0.062278379228124334	1.6099059909582139	0.020834309149774917	0.40659339840440356	0.587819392852325	1.151068657732168	1.7705615234081609	33479	446
12	6	0.09629480663674447	1.577383632245271	0.04363525443711783	0.46884642582677555	0.7023311084021984	1.1708623624194427	1.8324091567283929	32231	323
12	7	0.10541844722400937	2.6552210112935617	0.03671777734604254	0.5012285897676192	0.7751593227372326	1.5250060000049308	2.415177106966779	31006	243
12	8	0.13765164676725972	2.417347664279597	0.05168528310935586	0.5707790698430075	0.8935966851132525	1.3672596135986024	2.2148383241257563	29809	181
12	9	0.16988932740178694	2.096805308635036	0.061041442804820795	0.5969833306057142	0.9616279988438915	1.327235508780194	2.188662738779671	28642	144
12	10	0.22681110726960133	2.133247126232494	0.07794243032752421	0.6960123903028917	1.110666494147586	1.3931298494395286	2.213402954024248	27517	120
12	11	0.25273457968127944	2.3009048799673715	0.08684023871353186	0.7317211023979032	1.1916044967339652	1.4184714863038783	2.2633995279812558	26428	101
12	12	0.3191418247220437	2.392461985349655	0.10522623221949193	0.805737762521978	1.3123476238816039	1.5290518934076482	2.3536726868513864	25383	88
Dataset: zara1 ;Number of epochs: 100
obs_len	pred_len	avg_train_loss	avg_test_loss	std_train_loss	avg_train_dispacement	final_train_displacement	avg_test_displacement	final_test_displacement	Num_train_peds	Num_Test_peds
2	2	0.06612321913646343	0.043129236586171495	0.03282674807644327	0.4520487528333549	0.5351511863788486	0.23274818762735225	0.2813699860761287	50897	4696
2	3	0.11953725169102351	0.10003389540084061	0.04560293762733168	0.5781508901025458	0.7532037186735848	0.3512471988078844	0.4498836740901655	49247	4547
2	4	0.18484359121832408	0.13663765991073168	0.0734297876089701	0.6672321415945208	0.92743528797877	0.3902433208131772	0.5458527985713724	47623	4398
2	5	0.2850962628920873	0.21506018455732953	0.10043734315846797	0.7817025102242431	1.1358894625490301	0.505961188598301	0.7495636526745616	46001	4247
2	6	0.36161413457543895	0.2509003369354763	0.15857227774550975	0.8531396500481068	1.280299397376823	0.5253702028924547	0.8099311481856702	44400	4093
2	7	0.45007005232929675	0.3513290585938448	0.18283393386968272	0.9529591704060297	1.4721923680581208	0.6209515538607581	1.017424445801527	42814	3941
2	8	0.5832263309959114	0.4475998303987695	0.2293429059567878	1.0611049496264422	1.6765554550091395	0.7083040154605591	1.16683819801443	41255	3789
2	9	0.6322043632422019	0.39690750381749146	0.22392655734086195	1.142832771153219	1.8249686682559736	0.6742229766132685	1.1168638661795633	39719	3638
2	10	0.739793055043334	0.5158674653571147	0.2540024704117363	1.2364182931604146	2.012106459756851	0.7584962720612982	1.2753671577598036	38224	3486
2	11	0.938646069223052	0.7678263233789545	0.31738350053009157	1.3763264194852491	2.2594894295144416	0.9083661335172724	1.564417467859409	36768	3336
2	12	1.0295651458957797	0.8842576718008196	0.3553182362368637	1.411055018288587	2.342810776587927	0.9876819072901779	1.6927668336060582	35350	3183
Dataset: zara1 ;Number of epochs: 100
obs_len	pred_len	avg_train_loss	avg_test_loss	std_train_loss	avg_train_dispacement	final_train_displacement	avg_test_displacement	final_test_displacement	Num_train_peds	Num_Test_peds
3	2	0.043745314191782333	0.032000060276394446	0.02150125147058015	0.40664973999802445	0.4730115586953117	0.20094578024076984	0.2402037084707833	49247	4547
3	3	0.08686504722327779	0.05682297984506199	0.03655270151024286	0.49994131220951576	0.6391025948755512	0.2654076710361889	0.35251983505098133	47623	4398
3	4	0.10393332066102388	0.07968338846483014	0.035296031511896114	0.5524154614679838	0.7563875056984765	0.31594114369271187	0.45584564495514945	46001	4247
3	5	0.17513660894619132	0.1277134070184333	0.0653695338560796	0.678293373611559	0.9720404365458778	0.39312794073074664	0.5799512378808757	44400	4093
3	6	0.231616801153151	0.15480526330770913	0.07725410843125484	0.7692444461819903	1.133036975124916	0.4336263973473651	0.6532745573058467	42814	3941
3	7	0.3158315435974999	0.19174409810008494	0.11429303372849586	0.841824476741207	1.280504231129602	0.4750117119822024	0.7554573463191276	41255	3789
3	8	0.3574111627625581	0.24834046057265274	0.11565729578454988	0.9108033383356888	1.421659708563769	0.534550939894124	0.8825053109981394	39719	3638
3	9	0.41609680579295233	0.3594019003212452	0.15961178373514165	1.0021316381075986	1.5966993247979986	0.6648456196427519	1.101108568457484	38224	3486
3	10	0.5162927519155688	0.3986034034103747	0.1668698686680862	1.092303486013498	1.7657588224111183	0.6672725119674094	1.146241062116448	36768	3336
3	11	0.6536837563455411	0.485884677618742	0.20186705089592932	1.1847281760918242	1.9283489241713754	0.7436676381971583	1.2881630500129797	35350	3183
3	12	0.7188403701143605	0.5174550201358467	0.19428883779085165	1.2449018877105953	2.0527313740408597	0.7668667012182113	1.326856294290622	33986	3030
Dataset: zara1 ;Number of epochs: 100
obs_len	pred_len	avg_train_loss	avg_test_loss	std_train_loss	avg_train_dispacement	final_train_displacement	avg_test_displacement	final_test_displacement	Num_train_peds	Num_Test_peds
4	2	0.03687549501681994	0.025297772401419585	0.01482633477293214	0.3703536726981132	0.4292643989752685	0.18637293739915545	0.22478386436352824	47623	4398
4	3	0.05383696823849691	0.04940904044179302	0.018438718444052593	0.4231064194229964	0.5403911042597968	0.2564285225989872	0.3413216612122555	46001	4247
4	4	0.08027429567840869	0.06083717480576112	0.027458837916150152	0.5231058914520634	0.7074188276265384	0.2769083490668782	0.4055774168417027	44400	4093
4	5	0.11689084542971025	0.09065524435469083	0.04386535786227249	0.582487079149147	0.8331087243026957	0.33287531492342015	0.49895695616140545	42814	3941
4	6	0.16116618482082817	0.11379351937827074	0.05974253263731856	0.660295363281593	0.9764741116122836	0.36473268343023607	0.5769999021100197	41255	3789
4	7	0.2366552766218827	0.17456283054913685	0.0778570708702772	0.7819974060531745	1.1796135522705884	0.4598691657206464	0.7382516514689801	39719	3638
4	8	0.27079485886626775	0.21051907442606888	0.09519231073312673	0.8273823236116686	1.2891465663472963	0.4957784630811411	0.807950087413509	38224	3486
4	9	0.3552494486901277	0.40126187438206956	0.10499496985265012	0.924364905875765	1.452848714782862	0.7152951068876886	1.1368916078367683	36768	3336
4	10	0.384615948433328	0.28877870300533	0.10534883133887271	0.9648456064697729	1.555310883041519	0.5596945859145358	0.9757190687726144	35350	3183
4	11	0.486437153310648	0.42971574417475994	0.15120191931847893	1.036572951173472	1.6890174782957812	0.7106792404566941	1.223547098913314	33986	3030
4	12	0.5974797543159001	0.5307020497448901	0.23466989020936307	1.1171835025890067	1.8316576022875475	0.7867096743822424	1.351235664948077	32686	2875
Dataset: zara1 ;Number of epochs: 100
obs_len	pred_len	avg_train_loss	avg_test_loss	std_train_loss	avg_train_dispacement	final_train_displacement	avg_test_displacement	final_test_displacement	Num_train_peds	Num_Test_peds
5	2	0.026115992488578346	0.01659281836314635	0.014413005339029469	0.32575065944156745	0.3778123265712656	0.14582207304998246	0.1774685214021363	46001	4247
5	3	0.04437948685459318	0.0286492400237022	0.014764203778706055	0.3921852676986373	0.5002687253559968	0.18748970037525556	0.25730777350859246	44400	4093
5	4	0.06603478539081425	0.07179510278731399	0.02310879484035679	0.468237581539101	0.6341737973899623	0.31068369585839883	0.43883462656127453	42814	3941
5	5	0.09259685151454798	0.10208695417024055	0.03132972389644454	0.5277872643800293	0.7534311056883931	0.34747445330442933	0.5280002342282094	41255	3789
5	6	0.14586654504823757	0.11729021538879461	0.047317740217093444	0.5981140114353947	0.8870265335399068	0.3640571819100954	0.5877959563051361	39719	3638
5	7	0.1696254201824703	0.12148507800582167	0.05397716454682676	0.6684556521841425	1.0195042031285693	0.3696404191891202	0.6267727918243118	38224	3486
5	8	0.22487421619784106	0.21286881976569724	0.07716892513668235	0.7550584869005592	1.1727325166296214	0.508903993825961	0.8313940767489885	36768	3336
5	9	0.2855317079003638	0.23649702211086815	0.09272678295744476	0.8136948492970805	1.2915001748637902	0.5297784216991505	0.9339865196014078	35350	3183
5	10	0.3566823776412223	0.30450026814279885	0.12663362028635383	0.9140877520525643	1.4570348725461926	0.5915537712630636	1.0580559488851868	33986	3030
5	11	0.4289318317329729	0.3018815976085392	0.16605243385857826	0.9729599062506753	1.575431387698463	0.5789437875534422	1.0268275055300222	32686	2875
5	12	0.4736654922740833	0.38451207133338733	0.14556815086662406	0.9973634233444956	1.6482425095981281	0.6476757082955816	1.2005692008326765	31431	2718
Dataset: zara1 ;Number of epochs: 100
obs_len	pred_len	avg_train_loss	avg_test_loss	std_train_loss	avg_train_dispacement	final_train_displacement	avg_test_displacement	final_test_displacement	Num_train_peds	Num_Test_peds
6	2	0.02506856681324975	0.019002532883564387	0.01021996879330723	0.30267254405695176	0.35184125813816747	0.15609891178645452	0.18735856976388868	44400	4093
6	3	0.042866632464566345	0.04398262385070694	0.02481148967878996	0.37233574488387405	0.4769830198180222	0.2550175786250907	0.3311153668894622	42814	3941
6	4	0.05745841041179841	0.041244890868851226	0.02000005388562102	0.42937854345429377	0.5841203382398885	0.22372506986814986	0.3360937592616432	41255	3789
6	5	0.08367884295796035	0.05895641290695424	0.028454121043647043	0.49238723826862285	0.703961338439293	0.2652346309890925	0.4237956810740754	39719	3638
6	6	0.10967804619244166	0.09035063058428176	0.03814878766512076	0.5534229731749095	0.8217015485501499	0.32450286454598937	0.5307645519964495	38224	3486
6	7	0.15917574557824032	0.12227089219535424	0.05118138749410852	0.6339700594590546	0.9661934009691707	0.37841237833825164	0.6301195470725397	36768	3336
6	8	0.19875212170912104	0.16631886136491555	0.0632469441829469	0.6966713452919113	1.0859442322826751	0.43399622935049437	0.7520861324813825	35350	3183
6	9	0.24346108223045512	0.2182161964219192	0.0825362202069094	0.746789396502704	1.190217426890589	0.4960546077235993	0.8657703303751673	33986	3030
6	10	0.3158481238143785	0.23354019488848693	0.11238506696715078	0.8382315050029893	1.3447271751214467	0.5032862512498593	0.9169020394408437	32686	2875
6	11	0.37292646900597576	0.29088376654202447	0.11300674564253492	0.9096652517656936	1.4751269452293265	0.5688550745787274	1.0211860376118382	31431	2718
6	12	0.42177435433219573	0.4349326021571196	0.12952318248598063	0.953335994063252	1.56866875424851	0.6903116868279315	1.2180831556283376	30247	2561
Dataset: zara1 ;Number of epochs: 100
obs_len	pred_len	avg_train_loss	avg_test_loss	std_train_loss	avg_train_dispacement	final_train_displacement	avg_test_displacement	final_test_displacement	Num_train_peds	Num_Test_peds
7	2	0.022495731929936227	0.0227677843284718	0.00808029066848566	0.30408824276137	0.3515225808886886	0.18658034865921141	0.2238843891549861	42814	3941
7	3	0.03968431764614705	0.03688675995166384	0.014015192215247349	0.35330328655192456	0.4530850555626673	0.22712277424538366	0.29887413414598324	41255	3789
7	4	0.050763784437824824	0.04207756368526418	0.017160687476848204	0.40219902760583104	0.5526308034746343	0.2288911590719608	0.34017886066224745	39719	3638
7	5	0.07743982091723453	0.05813899026675658	0.024282215004496486	0.480919030812619	0.6855902333571298	0.25699556897430303	0.414222693346881	38224	3486
7	6	0.10684211994943253	0.09036042881722482	0.03261838249456455	0.5337092561049077	0.7937251864095394	0.32938775343265725	0.5474829384183147	36768	3336
7	7	0.15011422483707373	0.12315293612915117	0.05506451595643754	0.600869845502707	0.9207581135025203	0.36514601611479275	0.64244822533744	35350	3183
7	8	0.1797278456456427	0.16685530348070737	0.06185443618853521	0.6603744134797864	1.0322301020162434	0.4400131519926774	0.7874758868135571	33986	3030
7	9	0.23415849706182232	0.19756671316023414	0.08295073871794383	0.7086370003730696	1.1311630519203513	0.4650855907795778	0.8393953702891738	32686	2875
7	10	0.28851296019162154	0.24086705595254898	0.09095890870903553	0.769189210265581	1.2448183046648484	0.5200125053839988	0.9483447756939336	31431	2718
7	11	0.3271386574558122	0.28775874269372637	0.10883575075742191	0.854093831602083	1.3809992309795216	0.5611632469591497	1.0492624256902334	30247	2561
7	12	0.37783177526227174	0.32394895188155626	0.11542752746674126	0.9356896424020994	1.5317029714223442	0.58763153485412	1.0854684256889127	29111	2405
Dataset: zara1 ;Number of epochs: 100
obs_len	pred_len	avg_train_loss	avg_test_loss	std_train_loss	avg_train_dispacement	final_train_displacement	avg_test_displacement	final_test_displacement	Num_train_peds	Num_Test_peds
8	2	0.021785199449186086	0.01944596593930099	0.011940277999516491	0.2813064735554533	0.3254778704730031	0.16407270413662253	0.19928459844940025	41255	3789
8	3	0.03305713979339381	0.03359559534271811	0.012228758501497518	0.33154095369462977	0.4268720566046572	0.21609601452781227	0.290551520205082	39719	3638
8	4	0.04788751607494695	0.033251276330466005	0.015928251956203728	0.38331208688698504	0.528013333778817	0.1978413508874337	0.30427701330938667	38224	3486
8	5	0.07272923196768741	0.07405186840487236	0.032547011962224474	0.4460861840775022	0.6418996639470799	0.31063666851158517	0.45911819526156206	36768	3336
8	6	0.09829587790009599	0.08308751933981438	0.03127365881295163	0.5154925524261199	0.7650630222258018	0.30830813179816285	0.5237273721227439	35350	3183
8	7	0.13538472777831234	0.11934888392429928	0.04419129527359318	0.5790022050015067	0.8838837244216854	0.36383117272498144	0.6215207772856124	33986	3030
8	8	0.17198181674852	0.14216363702154328	0.06190669432617526	0.6287120415124253	0.9848483651155989	0.3955785838412777	0.7004059087633306	32686	2875
8	9	0.2262384060561311	0.23896515309153235	0.0860982984545926	0.7096804563851433	1.1177600714465958	0.5475604052267137	0.9371236347830576	31431	2718
8	10	0.26851675056204766	0.2298929164655336	0.08958050075778484	0.7677489659224475	1.2304471795744596	0.4905387709609352	0.9040206156595013	30247	2561
8	11	0.3051189701555923	0.2861559863483149	0.09905791566973089	0.796134298495734	1.3035677780890864	0.5626107059723748	1.0093672276854775	29111	2405
8	12	0.4026758678017124	0.40627815346579904	0.13014692535999567	0.9201716161880998	1.487332341698667	0.6621361657395575	1.2110642778966063	28010	2253
Dataset: zara1 ;Number of epochs: 100
obs_len	pred_len	avg_train_loss	avg_test_loss	std_train_loss	avg_train_dispacement	final_train_displacement	avg_test_displacement	final_test_displacement	Num_train_peds	Num_Test_peds
9	2	0.02142794924540394	0.014499131581229958	0.009568531612531175	0.277290765915231	0.3192426494988095	0.1376898068855685	0.16402381929584417	39719	3638
9	3	0.03359118919405672	0.02528180552090143	0.012384226645469771	0.3191813735204036	0.4127531051150361	0.17895876147657486	0.2485744572272792	38224	3486
9	4	0.04643823587392416	0.04335120828538541	0.015698350807083435	0.3841274948154592	0.5270321265768073	0.23599794432134946	0.34354791943014185	36768	3336
9	5	0.07066017395367856	0.05810282740590943	0.022274190628185888	0.44741802392898516	0.6450901099451275	0.2656200797976958	0.42032550027272697	35350	3183
9	6	0.09271809227232422	0.08417944570296797	0.03205732685864259	0.47342856383841236	0.7175722485678456	0.3051507824878911	0.5171463408007788	33986	3030
9	7	0.12286528797408977	0.12328986466882076	0.05023707929027837	0.5398375613802565	0.8340882751078444	0.36940292601275754	0.6378629106572528	32686	2875
9	8	0.17482206432916209	0.18792895178365357	0.0580700360554049	0.6234982766828536	0.9742292860639363	0.47566710750196295	0.7774548656813547	31431	2718
9	9	0.20977127462446332	0.20275428384997463	0.06913166159572005	0.6649777166982878	1.0586896260363758	0.4783543483754982	0.8316388528768821	30247	2561
9	10	0.24327641897119923	0.2598461159874523	0.07412865799188098	0.7212688506576472	1.1658143779475163	0.5268798371925654	0.993313777654976	29111	2405
9	11	0.31009144564309427	0.3568838662352444	0.10184009044622211	0.7968798010918433	1.2969357199304268	0.624005987522632	1.1559379153941458	28010	2253
9	12	0.3582917742065287	0.5160740924806431	0.11948260432959452	0.875700380535554	1.4248230692370067	0.7803937390136348	1.3247479609915316	26947	2105
Dataset: zara1 ;Number of epochs: 100
obs_len	pred_len	avg_train_loss	avg_test_loss	std_train_loss	avg_train_dispacement	final_train_displacement	avg_test_displacement	final_test_displacement	Num_train_peds	Num_Test_peds
10	2	0.02418541680311873	0.020543390854757714	0.009474173250286946	0.28074593898893724	0.32241322505848463	0.17050908808180212	0.1999607567505039	38224	3486
10	3	0.034083842488598	0.023550741855573182	0.01455922540366576	0.32803543546688296	0.42021216539938594	0.17347507904661227	0.24235138654117389	36768	3336
10	4	0.04627706944354607	0.03596619462493707	0.017857330708783252	0.3742402894285064	0.5157944805231239	0.20608073418781023	0.3161238626416585	35350	3183
10	5	0.0662698965769128	0.051722976488286054	0.023680247856298416	0.42686055000367806	0.6183646419951973	0.2425087171696579	0.394676854484913	33986	3030
10	6	0.09783805469275626	0.08171664656582453	0.042859278898028666	0.4851922216981349	0.727286713287373	0.3073097749965438	0.5180150848626077	32686	2875
10	7	0.12311870900903264	0.12267449029776104	0.038418007482914275	0.5439208197543933	0.834950360109408	0.37669522559093654	0.6392820742499158	31431	2718
10	8	0.1554365241097544	0.15251867558437449	0.05098897180986043	0.6012952306615592	0.9390205246930783	0.41471857950240515	0.7300749246220426	30247	2561
10	9	0.20215172994170816	0.19927152831639564	0.06622942247419258	0.666630073551652	1.0543831085162674	0.47036227359304317	0.8206379781344879	29111	2405
10	10	0.2332938022751321	0.23319430095105131	0.07750556239800939	0.7319343221839403	1.1671402983018564	0.4965826502565559	0.9066616455785916	28010	2253
10	11	0.30947680548498674	0.3339551817625761	0.09790133751824295	0.8179866248394823	1.3058949592628284	0.6246724505190251	1.0510166384775468	26947	2105
10	12	0.3529844718359359	0.3390584617175839	0.1186060169739577	0.8522265959987824	1.3876730490940905	0.5924431733493155	1.1148416725417214	25937	1954
Dataset: zara1 ;Number of epochs: 100
obs_len	pred_len	avg_train_loss	avg_test_loss	std_train_loss	avg_train_dispacement	final_train_displacement	avg_test_displacement	final_test_displacement	Num_train_peds	Num_Test_peds
11	2	0.023016962538821593	0.06485521697149371	0.013795051253305641	0.2776005544371269	0.31827086293531076	0.3240507791694619	0.39575744497729914	36768	3336
11	3	0.030272831133923032	0.034995920779938634	0.011363673065524653	0.32031843331227045	0.41082598623817435	0.21665963716269226	0.2985616705323909	35350	3183
11	4	0.05136441194252776	0.0445850517729233	0.017077201904259858	0.38336574081550534	0.5270163610018951	0.23406919814603716	0.3500701031641213	33986	3030
11	5	0.0673687499438124	0.05787766177920585	0.024617048859892823	0.42617635059937026	0.6186641602343177	0.2615099108980887	0.42825272966150724	32686	2875
11	6	0.07794418048682826	0.08972951580825098	0.02551134103905458	0.46442152216151006	0.6997778131409226	0.3219486395182432	0.5275873310451589	31431	2718
11	7	0.12987230502755823	0.14548780979545972	0.040936441268236666	0.5327290770932828	0.8287962596097617	0.4117735007335071	0.6731733604570547	30247	2561
11	8	0.15916890119244945	0.19160370454783476	0.05555207995903905	0.6053388200098809	0.939391847973333	0.4514834017583482	0.7834618029075404	29111	2405
11	9	0.19691247100471168	0.20876565997388738	0.06395909654881149	0.6641094465013943	1.0503406014070962	0.4818027741091704	0.845692087099969	28010	2253
11	10	0.22636470819790183	0.26055112583883877	0.06715396259368252	0.7367698049057698	1.175716360466076	0.5263290295620622	0.9501657575994397	26947	2105
11	11	0.2956161166242309	0.33361824574795634	0.09981727662241735	0.7611572900687683	1.232315814699375	0.6072346649188812	1.1321282629152465	25937	1954
11	12	0.36416070504660825	0.39923630318102926	0.12777008945679572	0.8127431622105983	1.3325026182176312	0.6439780777676286	1.202403781260967	24958	1809
Dataset: zara1 ;Number of epochs: 100
obs_len	pred_len	avg_train_loss	avg_test_loss	std_train_loss	avg_train_dispacement	final_train_displacement	avg_test_displacement	final_test_displacement	Num_train_peds	Num_Test_peds
12	2	0.02135416863431857	0.018388577500937153	0.007860528247729908	0.26597819371790626	0.30542998141093114	0.15916390892431326	0.1966336713972822	35350	3183
12	3	0.0333890263406959	0.02794300624779586	0.012110436411876022	0.3202279332517815	0.41042752605877	0.19231277367565047	0.26324208845990477	33986	3030
12	4	0.04758381416437135	0.050130538866980705	0.01493938353705643	0.37637140138967234	0.5182166251020467	0.2575913074612602	0.3734982486385928	32686	2875
12	5	0.068697671591515	0.0586313725421753	0.021782824960381905	0.4312234675253309	0.6239552153553152	0.2623792088269415	0.4240250798525147	31431	2718
12	6	0.08972094115429746	0.09138469725050999	0.0320010704278607	0.4748425198888307	0.7123630109566272	0.32724407107757886	0.5431774186979546	30247	2561
12	7	0.11501610182473027	0.11993998614332033	0.03694706538091891	0.5373167546898607	0.8220831655170545	0.36851142156511835	0.62373425758012	29111	2405
12	8	0.13821665730367425	0.1432212228494242	0.0471263156618244	0.5830183340976767	0.9125899583881358	0.3972821142661262	0.7078432958641607	28010	2253
12	9	0.1944886905340744	0.2201376180325089	0.07064478560540992	0.6599714331142263	1.0420786461425302	0.4958764452559485	0.8560099141505007	26947	2105
12	10	0.21802978558298072	0.2524543086913499	0.07031484065405667	0.6922939217319009	1.1082458397276316	0.5282952123979073	0.9391081922298264	25937	1954
12	11	0.25724122343420414	0.33307865548592347	0.08245418897342548	0.7559686015083399	1.2214159179440889	0.6075532283895249	1.1077005281563137	24958	1809
12	12	0.3046993503040412	0.35025669033734164	0.0910269259076481	0.7966103307627558	1.300711001805043	0.6076685638371772	1.1334365845033045	24023	1668
Dataset: zara2 ;Number of epochs: 100
obs_len	pred_len	avg_train_loss	avg_test_loss	std_train_loss	avg_train_dispacement	final_train_displacement	avg_test_displacement	final_test_displacement	Num_train_peds	Num_Test_peds
2	2	0.07535032672756577	0.04538045637309551	0.031880292076908484	0.4781152114684388	0.5658161350835431	0.2321992016071887	0.2822484394172992	47741	9087
2	3	0.1287597398783332	0.07575904628852519	0.08043318768315891	0.585238476899169	0.7654373406251042	0.29570823434860666	0.39497055310908347	46137	8882
2	4	0.21614113023722853	0.12551886356417455	0.08397785262565818	0.7006374221020032	0.9760192711088181	0.3586074202881135	0.507843603674627	44559	8677
2	5	0.2892221370568642	0.19206130594528956	0.11388115134043257	0.8070356344513533	1.1727269194901042	0.4621211265768624	0.6743167059649711	42981	8472
2	6	0.39124980591430786	0.2895963056554348	0.14756746898513887	0.9068154446299589	1.3676246589934669	0.5437438604022606	0.8169073833038344	41421	8267
2	7	0.486624756606207	0.29508407963532035	0.2215474835142703	0.9916093076066459	1.5282834729487362	0.5413015399671801	0.8569447682006311	39878	8062
2	8	0.5571777156013765	0.3491693506786479	0.2153545035514332	1.0922753094610422	1.7210506028984598	0.6182364446128767	0.9836916213937994	38362	7856
2	9	0.69999953189817	0.4725636222213507	0.2777720836398411	1.217941319562014	1.9502235993042343	0.7088542458239938	1.1910861931059977	36870	7650
2	10	0.85014862752518	0.5432129897402994	0.3127380046304567	1.309534313514359	2.1412831254405083	0.746173823965084	1.270654821905822	35420	7444
2	11	0.9357119879515274	0.7122313707007975	0.3476495568240642	1.4106306033356548	2.31903112038495	0.8952931455685673	1.497690650781991	34009	7236
2	12	1.1035574148873886	0.7580309430758159	0.3618995421064769	1.515077226100079	2.506492158372308	0.9212767328483924	1.6242117860230332	32631	7028
Dataset: zara2 ;Number of epochs: 100
obs_len	pred_len	avg_train_loss	avg_test_loss	std_train_loss	avg_train_dispacement	final_train_displacement	avg_test_displacement	final_test_displacement	Num_train_peds	Num_Test_peds
3	2	0.05542737654051911	0.03388986040542765	0.023832121513131747	0.4383001406680161	0.5086471030358911	0.2003649586511671	0.23762520325493286	46137	8882
3	3	0.08016339484449952	0.060392487976773115	0.03164017317661841	0.5233575461055875	0.6699249001323287	0.27324862875414196	0.37245913862030655	44559	8677
3	4	0.12094956642160049	0.08582732024524599	0.04453703732674213	0.6143300966848185	0.8382306836047625	0.3346136052819865	0.4731004241987775	42981	8472
3	5	0.17511683895711597	0.10868126401686903	0.055032417664531735	0.6970801687108721	0.9964216842263618	0.3552795911642152	0.5344514798842884	41421	8267
3	6	0.23529934013883272	0.15703056852268701	0.07480302423999602	0.7880454653297707	1.1657385154423725	0.42107628559345	0.6599275938156883	39878	8062
3	7	0.3093766569286401	0.17426582479580718	0.09929234033995557	0.8788336242547751	1.3384882843614612	0.4336300644277594	0.7128592358089991	38362	7856
3	8	0.3738292185828472	0.26467712346464395	0.13902761303510458	0.9653033296646766	1.5051227170281223	0.5654238111654328	0.9439479883967472	36870	7650
3	9	0.5168122366344391	0.35515599479578963	0.16022211855963925	1.0657637633408361	1.6820465232257316	0.6455870050685587	1.0784719325162295	35420	7444
3	10	0.5557901551153349	0.36864232714406125	0.16133460584683584	1.1455796201377115	1.842991487114029	0.6376556336481589	1.0768634042784764	34009	7236
3	11	0.6889818245291494	0.7057149552381956	0.25517833817031665	1.295548935024807	2.103597050533882	0.9304568628895334	1.5267907847212183	32631	7028
3	12	0.8406661061227209	0.6636799072045736	0.23552610479363756	1.333908271705925	2.1868421486939895	0.9169323585447703	1.4942756635143588	31309	6824
Dataset: zara2 ;Number of epochs: 100
obs_len	pred_len	avg_train_loss	avg_test_loss	std_train_loss	avg_train_dispacement	final_train_displacement	avg_test_displacement	final_test_displacement	Num_train_peds	Num_Test_peds
4	2	0.041710422642031626	0.029468799685584565	0.015060918917153329	0.3978872806801267	0.4599492068048387	0.19238235724722522	0.22663958183101335	44559	8677
4	3	0.059788235494463174	0.039945644918333724	0.021142847508055007	0.46253183016555455	0.586368767196786	0.22609438824370956	0.29965152069748274	42981	8472
4	4	0.09589947132603065	0.06115928311543218	0.03410800503474164	0.5454315529744449	0.7389088942797507	0.25971580799191935	0.378253570515737	41421	8267
4	5	0.1309210382889779	0.09511489389777773	0.04284007399082513	0.6247044784963124	0.887012492778799	0.34041699336347536	0.5142255987450373	39878	8062
4	6	0.17557200039794416	0.12585492697150552	0.05978183067695462	0.7040096199127849	1.037321924658852	0.3842187542726821	0.6105324856020217	38362	7856
4	7	0.23275752249770823	0.16995915319770574	0.07472355092736123	0.7923051110906322	1.201712662557628	0.4390776379284317	0.7225965143083495	36870	7650
4	8	0.2858300442637904	0.23767330945290702	0.08624869972435614	0.8679297398458663	1.3467461953369735	0.5223679637284196	0.8855978160791679	35420	7444
4	9	0.3861640962310459	0.2620473354298451	0.12946039261340464	1.0109068757549282	1.579592070110262	0.5373204322177572	0.9183607789393339	34009	7236
4	10	0.4746601928546078	0.3161787960773859	0.17483863072892614	1.0810103233728998	1.7182621299613619	0.6089140407505688	1.0602955454377794	32631	7028
4	11	0.5477804786453211	0.43677680078565767	0.15529744435137444	1.1581592289791476	1.8580515521611836	0.7111940840865297	1.2109269458820604	31309	6824
4	12	0.6808345071557496	0.5305517692274103	0.2513760116635962	1.2239582878004944	2.0023679109265817	0.767720816549486	1.392509343532848	30048	6622
Dataset: zara2 ;Number of epochs: 100
obs_len	pred_len	avg_train_loss	avg_test_loss	std_train_loss	avg_train_dispacement	final_train_displacement	avg_test_displacement	final_test_displacement	Num_train_peds	Num_Test_peds
5	2	0.029934496039172986	0.02077819507000188	0.015682626895108666	0.34444402660656587	0.3985762342246713	0.16036240182006847	0.19493676936467477	42981	8472
5	3	0.04540201087323922	0.030973916258571182	0.015808620988150966	0.408393604722635	0.5191154367557566	0.19928701980532024	0.2616695020893003	41421	8267
5	4	0.07475889777942073	0.048942683900863225	0.028340615896214078	0.5076601205167998	0.6835452454671681	0.23991484113458286	0.34976029205467174	39878	8062
5	5	0.1032067288092717	0.06897056474355026	0.03531208868339274	0.5674285902413198	0.8042742903737401	0.28071478039058845	0.4409818496632936	38362	7856
5	6	0.14680221869061008	0.11310977790504693	0.050612414704486415	0.6441367503155897	0.9455862005250454	0.35456812727722353	0.5786226714030797	36870	7650
5	7	0.2007228451748324	0.1493888260664964	0.0646960132584078	0.7170186108091666	1.0836662868799116	0.41355592289707654	0.6635627653828141	35420	7444
5	8	0.24052708060845085	0.1988458580096361	0.07125475172453402	0.7832135638724986	1.217543915085962	0.47734799855151505	0.8287776878631755	34009	7236
5	9	0.29242479575361835	0.26834979057312014	0.08639317110388135	0.8663384607975902	1.3700621570460652	0.5522205510722769	0.931385629751649	32631	7028
5	10	0.39598828692703136	0.31104508914786916	0.11637078123081723	0.9655138278575995	1.5425236881053146	0.5870282151836299	1.0276276926455439	31309	6824
5	11	0.47148743781837676	0.4310014789613585	0.1421367550947023	1.0602970751264311	1.7089218246238407	0.7077602945991589	1.2816176850402226	30048	6622
5	12	0.5533592875736455	0.46909524476841874	0.16123950678466656	1.1524853074500574	1.8712133581023742	0.7240772343672914	1.2694287294881397	28826	6423
Dataset: zara2 ;Number of epochs: 100
obs_len	pred_len	avg_train_loss	avg_test_loss	std_train_loss	avg_train_dispacement	final_train_displacement	avg_test_displacement	final_test_displacement	Num_train_peds	Num_Test_peds
6	2	0.02693088276322491	0.01867982066176795	0.009685434885635804	0.3330889073465776	0.38519910700155496	0.15662479090326895	0.18954435099308384	41421	8267
6	3	0.03741621649117276	0.02451786284547041	0.013394168292061612	0.37894855771786307	0.4820287623832013	0.16748524614363816	0.22982446373928792	39878	8062
6	4	0.06083039045161395	0.045172408473358225	0.02057595811204596	0.4594779365484861	0.6215121200882591	0.22467367629189344	0.3367757208804474	38362	7856
6	5	0.08526754246141093	0.07132707193493842	0.02810048743306955	0.5228266309368698	0.7418724399568841	0.2909791705249542	0.4424715323824991	36870	7650
6	6	0.11173821613814476	0.09009475475459387	0.03604918207869086	0.5779662398533001	0.857001876189975	0.3024525391328506	0.5035017201852305	35420	7444
6	7	0.1615070267216019	0.12240398130592356	0.04697984445221046	0.6772524433692945	1.0245978001865177	0.36275949063014334	0.5977896791541643	34009	7236
6	8	0.22059772256930812	0.2308893024157255	0.07417743798012831	0.7528829096902017	1.1648857479178079	0.5223443562649773	0.8480165232729726	32631	7028
6	9	0.2938216493749528	0.21718328071690593	0.09351482587126135	0.8453590441339224	1.3254351818006789	0.48605881090689984	0.8491557214685886	31309	6824
6	10	0.3406005712551257	0.27798736044981825	0.1369606422509708	0.8960776474168692	1.4318766405781553	0.558844959992968	1.0118418785950958	30048	6622
6	11	0.43441990634116034	0.3952961456618811	0.13247822070018728	0.98026506182179	1.5760367598218017	0.6917368544208082	1.1900740414880802	28826	6423
6	12	0.48188185061524075	0.42033759869159537	0.18862165094800806	1.0674351657084666	1.7434970890214407	0.6953214105713877	1.2567859115488482	27676	6225
Dataset: zara2 ;Number of epochs: 100
obs_len	pred_len	avg_train_loss	avg_test_loss	std_train_loss	avg_train_dispacement	final_train_displacement	avg_test_displacement	final_test_displacement	Num_train_peds	Num_Test_peds
7	2	0.024607295884163164	0.017925884908913534	0.008813682682077328	0.3030867742121812	0.35131378588408474	0.14715765502115968	0.1809524566982447	39878	8062
7	3	0.039382052959954755	0.03362692819342981	0.01312907481970631	0.37810104879867723	0.48334861147141533	0.21066242629779008	0.30233784760403265	38362	7856
7	4	0.05520800371260311	0.04270300216041505	0.019160378092554376	0.42965799367010044	0.5846042624487723	0.22632470177426697	0.33128743691136703	36870	7650
7	5	0.07528030594347514	0.054618535563349724	0.026964325251701327	0.46776269315008834	0.6733689630894929	0.2404844524372883	0.38899728196133465	35420	7444
7	6	0.11488679327394652	0.12278440831049445	0.03585183951114737	0.5716548475508016	0.839266815718946	0.3927454504373173	0.6219521134653984	34009	7236
7	7	0.15062977185645252	0.1326538235713274	0.04430403234792357	0.6619247432661081	0.9946159139015732	0.3953764724155192	0.6632858557777587	32631	7028
7	8	0.20450906735443752	0.16374282708748636	0.06021928547503404	0.7120205658580614	1.1029602052409937	0.4143579196503994	0.7165106612055779	31309	6824
7	9	0.24554694358200307	0.19056425957630077	0.07518901848231553	0.7731685350971377	1.2251248121880847	0.4405551689912861	0.7699608555783967	30048	6622
7	10	0.31105310215304294	0.2501343964746124	0.10978431030433268	0.8532951753959739	1.367066904036816	0.5117085282420837	0.9709766228584176	28826	6423
7	11	0.3623777665440276	0.32943307933338145	0.10936846513086448	0.9246529625670419	1.4925541729689318	0.6111708254048162	1.1044792946608937	27676	6225
7	12	0.4487573740776308	0.4721558374517104	0.1564075952701805	0.9939785561458631	1.6174140809687052	0.7362494015246229	1.3723345451554134	26573	6029
Dataset: zara2 ;Number of epochs: 100
obs_len	pred_len	avg_train_loss	avg_test_loss	std_train_loss	avg_train_dispacement	final_train_displacement	avg_test_displacement	final_test_displacement	Num_train_peds	Num_Test_peds
8	2	0.025708810935072875	0.022161034959836387	0.012335441429820026	0.2917989942442569	0.33680181054363345	0.16988230737131033	0.2106292612187047	38362	7856
8	3	0.03636861839689887	0.028320812415331603	0.013973402998982054	0.35692111598065696	0.4561320443156793	0.19059372919812823	0.25035492825693567	36870	7650
8	4	0.049768040752744235	0.034242521035437935	0.015720743868738115	0.3941036849525894	0.5416583518476397	0.19529817394627844	0.28740256536408226	35420	7444
8	5	0.07684204195828541	0.06358810739241881	0.025673082213262408	0.4718717128764083	0.674856960654233	0.257700253240548	0.40234159088197813	34009	7236
8	6	0.11162030262815109	0.08461876849715526	0.037805495666625596	0.5399999227464383	0.8057841312131915	0.28951623888897265	0.48024778063144774	32631	7028
8	7	0.13292434427046007	0.10671311130486621	0.04388440187780085	0.6155327164818282	0.9354409316940239	0.32629156919098123	0.5566770704987616	31309	6824
8	8	0.17557796055362337	0.1579868961707689	0.05574762510140835	0.6540457717341721	1.0282632814686494	0.41691043047528015	0.7364604202854106	30048	6622
8	9	0.22583565802002947	0.19373966326054773	0.07025311919991692	0.7296103566603679	1.160645131750026	0.44456362311638875	0.835556213425247	28826	6423
8	10	0.28716896220621474	0.23892909308221746	0.0871453227621635	0.85190078375944	1.3524227985643278	0.4899547834647768	0.9024694419632225	27676	6225
8	11	0.32597678879537195	0.356766412841445	0.09998981495937212	0.862652641872259	1.406412598869559	0.6374105053422017	1.1577556720940332	26573	6029
8	12	0.44005426218464583	0.44399146373207504	0.13996376578052208	0.9834619402670512	1.591055352222976	0.7147128882449362	1.336566629462567	25507	5833
Dataset: zara2 ;Number of epochs: 100
obs_len	pred_len	avg_train_loss	avg_test_loss	std_train_loss	avg_train_dispacement	final_train_displacement	avg_test_displacement	final_test_displacement	Num_train_peds	Num_Test_peds
9	2	0.023581599635340702	0.02136244924739003	0.011483073718180978	0.302809382888399	0.34753654369451725	0.17642057174050996	0.21457403630395205	36870	7650
9	3	0.04266910486619839	0.032981490721041805	0.015211633529578293	0.36311821417653967	0.46154356966281357	0.2027041790594025	0.27431983708628527	35420	7444
9	4	0.05184975932473722	0.03842817027556715	0.01839663618002006	0.4017344547434268	0.551820156478882	0.20026140345280444	0.29934891234056854	34009	7236
9	5	0.06929528050990048	0.05255393413588023	0.02153706344200182	0.47755186406041766	0.6817199381770033	0.23442517783567393	0.37055276410817983	32631	7028
9	6	0.10103865302180204	0.0783989027316243	0.03371038815417438	0.5322992251885688	0.7904076718740339	0.28719455016061124	0.4696803809134194	31309	6824
9	7	0.1446201881719014	0.12297623637520398	0.05106835581593088	0.6101756617742365	0.9224671791882558	0.3600283458272923	0.6010730873710665	30048	6622
9	8	0.17400830624780309	0.14558326647077735	0.07608617738682498	0.6473609777584541	1.0097967375868875	0.392887547481162	0.7026808693142287	28826	6423
9	9	0.21928978766316706	0.20002345958764248	0.06494321143120103	0.7278016801689422	1.1533515892776707	0.45314951059201153	0.837583124059749	27676	6225
9	10	0.25705847255379904	0.25557499795275573	0.07714391458704058	0.7852361531405428	1.2598714972111937	0.5234515205648469	0.948605240813413	26573	6029
9	11	0.33255500603581717	0.4372117924529153	0.10307535083219341	0.8581430585129194	1.3913344954469349	0.7005629349853937	1.2959692104646792	25507	5833
9	12	0.3817682343691883	0.46948654589417216	0.11694056196377053	0.888601005256826	1.4689016544100442	0.7103783698732422	1.3483372479594684	24479	5638
Dataset: zara2 ;Number of epochs: 100
obs_len	pred_len	avg_train_loss	avg_test_loss	std_train_loss	avg_train_dispacement	final_train_displacement	avg_test_displacement	final_test_displacement	Num_train_peds	Num_Test_peds
10	2	0.02349930675311608	0.015560830470569657	0.011132888283102469	0.28957021218005824	0.33237109795851444	0.14001878567788473	0.1665140202952624	35420	7444
10	3	0.03797678740452165	0.0344302193710798	0.013540547686624419	0.37639134468489815	0.47538483846466734	0.2070389912729096	0.2804125982985098	34009	7236
10	4	0.05275347897826868	0.03988215024463641	0.01835545912995151	0.41212315828367896	0.5639287305133	0.21252091060245595	0.31962461255591107	32631	7028
10	5	0.07317805122336694	0.07167068843782874	0.02272220436044323	0.466700442649236	0.6707151606413171	0.29260723287829477	0.4381063654002405	31309	6824
10	6	0.09639294818043709	0.06983989566409339	0.0342314135831126	0.511307601538259	0.7611194469245376	0.2633720297252123	0.45020566227128783	30048	6622
10	7	0.1413267053042849	0.12986440484068895	0.042753092401200524	0.5859838657812322	0.8923037883191882	0.37461157968114717	0.6302967284981633	28826	6423
10	8	0.17146084700668646	0.16400695988472472	0.05662930481365023	0.6545330285960589	1.0162703529269188	0.4265083997583153	0.7652963227503358	27676	6225
10	9	0.21502741711104617	0.2595852529779475	0.07298300547085708	0.7291729179216198	1.1480363693369933	0.527959941542747	0.9786704249108205	26573	6029
10	10	0.2546084643150052	0.2672237447790197	0.08261840132297996	0.7697582746911185	1.2381395033587992	0.5219749607694153	0.9736101744434931	25507	5833
10	11	0.3100258650461046	0.41415916825388815	0.08397260746646502	0.8417460724826985	1.364047568230125	0.6786180681845667	1.3033893529818612	24479	5638
10	12	0.36531849155438345	0.5330180500944456	0.10554734021082446	0.9106226844543397	1.4808890168285997	0.7767015176057329	1.4547980723654281	23499	5445
Dataset: zara2 ;Number of epochs: 100
obs_len	pred_len	avg_train_loss	avg_test_loss	std_train_loss	avg_train_dispacement	final_train_displacement	avg_test_displacement	final_test_displacement	Num_train_peds	Num_Test_peds
11	2	0.02538044381076875	0.01653241918323004	0.014537001404512216	0.29046082968547543	0.33259245412689503	0.14227739172734688	0.17206395070334354	34009	7236
11	3	0.03589949634825361	0.02767685732493798	0.013350256534834867	0.3399458549249597	0.4344365635228747	0.18359339755825094	0.2472831138369511	32631	7028
11	4	0.05188998663391515	0.03556829492604949	0.019840163280873555	0.4027586224659681	0.5510297284757386	0.19746514009718044	0.30418212516151577	31309	6824
11	5	0.07489084948356899	0.05809222426614724	0.02675991596026313	0.4563199751621898	0.6566597866120802	0.2465220924027112	0.3850295546763603	30048	6622
11	6	0.08918602373062944	0.08319884452380633	0.02885704021418301	0.4943958906714697	0.7419854062018038	0.29739578883809586	0.4888321925413905	28826	6423
11	7	0.12916684747469528	0.13930956430812466	0.04222782396615562	0.577615840631116	0.8806068268829245	0.3899214810956306	0.6321779971119272	27676	6225
11	8	0.1757031257066252	0.20194296718121849	0.05780847439789989	0.649390999572536	1.0066917446985875	0.487682512135303	0.8719740357509997	26573	6029
11	9	0.20977558190306872	0.29640570597068683	0.06426783001602011	0.7114181049588139	1.1198480216676607	0.5795319881060361	1.0431556277486171	25507	5833
11	10	0.27190919535806274	0.38440249901223966	0.08640488835457032	0.7736369315579747	1.234770753724686	0.6587319491993151	1.2050788982344511	24479	5638
11	11	0.3314021102294749	0.39538554259472425	0.10777523652647461	0.8809483346905395	1.3938062807891238	0.6761373189740691	1.185415079052263	23499	5445
11	12	0.3657838623265962	0.49813163970823343	0.10230349086799116	0.9152733136176938	1.4727558894894401	0.7191452978885353	1.4051570900299832	22554	5252
Dataset: zara2 ;Number of epochs: 100
obs_len	pred_len	avg_train_loss	avg_test_loss	std_train_loss	avg_train_dispacement	final_train_displacement	avg_test_displacement	final_test_displacement	Num_train_peds	Num_Test_peds
12	2	0.02459038507544897	0.06206479042004316	0.014686814853227606	0.29260310157209435	0.33450909013219704	0.3194540215194056	0.3927972498094357	32631	7028
12	3	0.04209328106687576	0.028858761679516245	0.015056125634146668	0.3521808052783892	0.44695587569004375	0.1799012329016098	0.2432130967734196	31309	6824
12	4	0.05987506240443696	0.05395403044531122	0.0207193454547263	0.40716054674533486	0.5565390170854729	0.2437602162548018	0.3621888771513338	30048	6622
12	5	0.08057541423865283	0.06389371920377016	0.02609352596711921	0.4639549012676966	0.6657397510453549	0.26356077836361436	0.4274154094854311	28826	6423
12	6	0.1037070039627415	0.10105186276771921	0.0343658343542825	0.5170387490184671	0.7719685530454599	0.3253368205132633	0.5202008741615449	27676	6225
12	7	0.13723826169866513	0.16863321062715295	0.045192023498705394	0.6028889215457991	0.9097454073136203	0.45167469732309007	0.7763197735219525	26573	6029
12	8	0.15718141831369548	0.15503058054962673	0.049868240572475554	0.633665959857381	0.98977067906796	0.4037549412744202	0.7311903089946711	25507	5833
12	9	0.20670859305427805	0.2406026123726106	0.06132417716444982	0.6970822737736884	1.0973822738198578	0.5003815689594923	0.9268637438270272	24479	5638
12	10	0.26028731925465953	0.4278332281443808	0.09351610223485662	0.7767478842584182	1.22722141606325	0.6912621782596069	1.2621603101986234	23499	5445
12	11	0.29978071555897995	0.36093647062441725	0.09061835793168195	0.8291909488149601	1.334314433453817	0.6121045437412421	1.1337128304318924	22554	5252
12	12	0.36487028170639363	0.5662353870698383	0.1002618317850347	0.9117504297282838	1.4694485899462695	0.7865196607186712	1.4524261976437787	21655	5059
Dataset: univ ;Number of epochs: 100
obs_len	pred_len	avg_train_loss	avg_test_loss	std_train_loss	avg_train_dispacement	final_train_displacement	avg_test_displacement	final_test_displacement	Num_train_peds	Num_Test_peds
2	2	0.10470099235555153	0.13486429224056856	0.04582140414765355	0.5556721377138021	0.655701604145219	0.41822940362261124	0.5042113488060246	23041	37219
2	3	0.13611577978773506	0.1849608576419402	0.060964768541102526	0.6296693969403768	0.8213076062991994	0.484698935765166	0.6669141157792894	21998	36370
2	4	0.21170778209091845	0.3428019522092281	0.1029754606307769	0.7342356141230999	1.0107342761975615	0.6608566538455903	0.9747433757729727	20978	35524
2	5	0.3427129577741855	0.5188840875258812	0.16898531902833763	0.8517889175276246	1.2277518053811252	0.8029814295639919	1.2104274793958263	19956	34682
2	6	0.37192552866680284	0.679333035609661	0.19210419073120827	0.9389590806240833	1.3935486958744536	0.9360192115666767	1.4275225057652365	18948	33844
2	7	0.4848811913892473	0.8237050310852602	0.24744663635349665	1.0157332610133651	1.5476088394620249	1.0205750195047925	1.6144423059310729	17950	33011
2	8	0.6593547034409656	1.0343662912083655	0.3103111676095515	1.1989720635548622	1.8641579039220366	1.1387272620834488	1.8284616173248378	16977	32183
2	9	0.7389749624309646	1.390317806616966	0.3811600859056962	1.2795584123270565	2.0315796942551145	1.301390735023906	2.190510854181939	16025	31358
2	10	0.8894865570274302	1.864427564675326	0.43839228730420565	1.339976089414184	2.1573559421100454	1.5291581281067734	2.5036567560245953	15110	30540
2	11	1.0496464575700577	1.943128318366609	0.5035024335391028	1.4862015410037024	2.432760409702449	1.5414971061186802	2.600501164285074	14225	29728
2	12	1.1972064724202165	2.7623610192288957	0.6539035440964442	1.5643345976735934	2.5746803473008955	1.838223669676309	3.1459431524599712	13370	28926
Dataset: univ ;Number of epochs: 100
obs_len	pred_len	avg_train_loss	avg_test_loss	std_train_loss	avg_train_dispacement	final_train_displacement	avg_test_displacement	final_test_displacement	Num_train_peds	Num_Test_peds
3	2	0.05502622010976155	0.08312310457077561	0.027611962929735636	0.4561798121080478	0.5268188916192681	0.32759426235488204	0.39389686046526373	21998	36370
3	3	0.09857920077251824	0.14735969392917095	0.04279743756615086	0.5403841629322305	0.6808960827462669	0.42229554459140983	0.568515041158147	20978	35524
3	4	0.13351063291128312	0.23653817574183147	0.06436086009655448	0.6146829134407792	0.8239591899649675	0.553233714372042	0.7783695034893666	19956	34682
3	5	0.1753656889019268	0.3418098707993825	0.0856247641867476	0.6975535344104841	0.9761509474032136	0.6471507555834377	0.99283691304745	18948	33844
3	6	0.27704459676956494	0.555302877247948	0.1421744866361159	0.7936860198177296	1.143828225064374	0.8426580798886569	1.3018602871256604	17950	33011
3	7	0.3142924162161295	0.7076145705488539	0.18190954366172202	0.8766865465524806	1.3088032150716	0.9335543666788115	1.4909641425233577	16977	32183
3	8	0.3884242135129727	0.9087614197805138	0.19640327148717854	0.9553250363370582	1.4470366989622734	1.0643724496142404	1.728924825324477	16025	31358
3	9	0.4667119589012327	1.133353682070816	0.2478648305427396	1.0147174036574262	1.559145570842924	1.1859336849808255	1.9405895073167558	15110	30540
3	10	0.5660142149627725	1.4240694002783978	0.2778474665357569	1.1286324878656442	1.7738988882179405	1.3423273506930533	2.2237854380735778	14225	29728
3	11	0.6511696461865344	1.5295391796777646	0.3634890018080318	1.1810111581434253	1.8655140107470298	1.3802428712751207	2.3176119045822765	13370	28926
3	12	0.7661468680423928	2.0477466930945716	0.4029633357494125	1.3124461652368666	2.0920306946225864	1.6114271659909114	2.6934565221101425	12562	28135
Dataset: univ ;Number of epochs: 100
obs_len	pred_len	avg_train_loss	avg_test_loss	std_train_loss	avg_train_dispacement	final_train_displacement	avg_test_displacement	final_test_displacement	Num_train_peds	Num_Test_peds
4	2	0.04472863681966791	0.073645197141629	0.02252313160174377	0.3949860549865145	0.4522976461511933	0.3093450410614586	0.3686259315839018	20978	35524
4	3	0.07819174728097601	0.13094564439394535	0.03531061366024387	0.48804276314587314	0.6047169350081176	0.403184943035114	0.5463396578999625	19956	34682
4	4	0.09475470240094833	0.17754284693644598	0.04448925586928413	0.5431191554024671	0.7197152075884333	0.4757162067447803	0.6884791790919732	18948	33844
4	5	0.1291178212593278	0.2874423054997454	0.06343356815165951	0.6043927841945217	0.8352161871901979	0.5988883302868225	0.9214867055167912	17950	33011
4	6	0.18164606661654176	0.42070086438631277	0.09665321301341102	0.6885835993214153	0.9864165481690279	0.7203915997634313	1.124085681083474	16977	32183
4	7	0.2230027329390216	0.6186923075834087	0.10051584970035578	0.7750796049727045	1.132191560889208	0.8719758167358532	1.4263977599995032	16025	31358
4	8	0.31161491583995643	0.8299507094170763	0.1526734217877761	0.8705457330551658	1.2951012130695685	1.0228775586376544	1.6460966856415642	15110	30540
4	9	0.3598782560260292	0.9465528176856165	0.1868469915448679	0.9051237077358991	1.368414009946721	1.090615050603698	1.7954062698441684	14225	29728
4	10	0.44840346283521065	1.3104987402136128	0.2247907182589799	0.9642464913415145	1.4808498684610363	1.2847381925027157	2.100060693187342	13370	28926
4	11	0.5697146175365484	1.774962890893221	0.32139149331177647	1.1098481235736644	1.724932897194482	1.4856393661595593	2.494465809825019	12562	28135
4	12	0.5619548122394845	1.8685313675416078	0.2871100279442214	1.1445021050004893	1.7893156551846827	1.5066936737022416	2.566184464601228	11812	27349
Dataset: univ ;Number of epochs: 100
obs_len	pred_len	avg_train_loss	avg_test_loss	std_train_loss	avg_train_dispacement	final_train_displacement	avg_test_displacement	final_test_displacement	Num_train_peds	Num_Test_peds
5	2	0.03243704436010578	0.04980176093104558	0.01554959157332993	0.36101575437814215	0.4127027656072841	0.25131434338574393	0.3039936087026812	19956	34682
5	3	0.05127838736932192	0.08494085686711164	0.02210571855939609	0.42739870495720533	0.5318866550574041	0.3243420412385176	0.44618345606218474	18948	33844
5	4	0.08992751344400107	0.17740875217564328	0.04259393682161706	0.5021433395593903	0.658865041763359	0.4708540767892141	0.6817612144628141	17950	33011
5	5	0.10423759246675746	0.20728019640310524	0.053086051100154234	0.55874421492397	0.7699775863386003	0.503830434672709	0.7818613948641172	16977	32183
5	6	0.14724569011384706	0.30858126792265345	0.07078730203963832	0.6230537627034418	0.8840162688449033	0.6096938447227401	0.9767300376741777	16025	31358
5	7	0.19477666905180757	0.5767215139816462	0.09846782256557464	0.6906116312666736	1.0013358734448408	0.8536412760184341	1.375520958919451	15110	30540
5	8	0.2516970600371138	0.6535534574577846	0.14027768476325256	0.772083810227656	1.1400237515762555	0.8922611528426452	1.4731752063166317	14225	29728
5	9	0.28847658011501154	0.9895849910875162	0.13916602577127773	0.8438704846005365	1.2623853386400101	1.127664840611422	1.8166405208733565	13370	28926
5	10	0.3888035684030772	1.2078428361564875	0.21245026395523414	0.9134336568707019	1.3845510542015416	1.2426679951798223	2.005306570410021	12562	28135
5	11	0.44890532909755215	1.3210663758023247	0.27496832769550833	0.9662638711498089	1.4836998183617884	1.2735903348392725	2.1667824411437744	11812	27349
5	12	0.4869653308291605	1.6816015755318847	0.29479784641957496	1.0141794928878138	1.5724920535257687	1.4354351493792916	2.4774699304402663	11097	26575
Dataset: univ ;Number of epochs: 100
obs_len	pred_len	avg_train_loss	avg_test_loss	std_train_loss	avg_train_dispacement	final_train_displacement	avg_test_displacement	final_test_displacement	Num_train_peds	Num_Test_peds
6	2	0.03032851635345391	0.04871540875771107	0.015926559824467754	0.3403576466573345	0.3873621192722605	0.25221713255669864	0.30200119015922267	18948	33844
6	3	0.04857786391838351	0.08003004690267376	0.02173117905072978	0.40665211802114903	0.5049221609495099	0.31312284736046947	0.42553303984309676	17950	33011
6	4	0.07080101660220309	0.16515919543111446	0.031887158676301465	0.474116324392865	0.6192254826365149	0.4486807281073261	0.6473984622112082	16977	32183
6	5	0.08892195136138019	0.22061496625601318	0.03943322376617155	0.5150729826146717	0.7020984659404322	0.5249548184105878	0.8060310051572834	16025	31358
6	6	0.12384106788747136	0.3212257589700926	0.05875919752229397	0.5901087163777272	0.8319503422353774	0.6282925252825257	0.9998381260559825	15110	30540
6	7	0.15258493184061975	0.38222243810564743	0.07861221985173797	0.6390192344618294	0.9269859711526783	0.6823508797933386	1.1247866496916448	14225	29728
6	8	0.21871763636812758	0.6601697229780257	0.11181800434046571	0.7146551731007392	1.045853404245696	0.9070308861585411	1.4745246579520133	13370	28926
6	9	0.23100474302589666	0.8353220898037156	0.12023051889769462	0.7546936404341973	1.131050222588326	1.0321367940859176	1.6777660393634333	12562	28135
6	10	0.3102096085440353	1.1104145199840605	0.16683355267429564	0.828262510443354	1.248985418966101	1.1704769587891362	1.9525288711799937	11812	27349
6	11	0.36181461893849903	1.3337375499815216	0.18431081620837347	0.9188312381780924	1.3986232933979503	1.3006279942981076	2.1544879958269525	11097	26575
6	12	0.3958932859332938	1.4966199404282094	0.20652288197045487	0.9380578916238406	1.438234829208694	1.3714292383452316	2.280520784569102	10441	25815
Dataset: univ ;Number of epochs: 100
obs_len	pred_len	avg_train_loss	avg_test_loss	std_train_loss	avg_train_dispacement	final_train_displacement	avg_test_displacement	final_test_displacement	Num_train_peds	Num_Test_peds
7	2	0.027596284742666576	0.047117688414669526	0.014388832686490612	0.3297778512371241	0.37538698915697877	0.24885331935220031	0.29876084572415385	17950	33011
7	3	0.046704065342751795	0.10550969520334116	0.03698565373630399	0.39575600115000775	0.49110797647712606	0.3701523695570365	0.47132486417200015	16977	32183
7	4	0.059459805880097825	0.10802505339056717	0.03146961814921365	0.44262436821648365	0.5807022891267541	0.3625447995386885	0.5436796106460108	16025	31358
7	5	0.08180563008889209	0.2606097392622053	0.03788299256735467	0.49247006107731006	0.6710061960205775	0.5718493154418937	0.8494610087751755	15110	30540
7	6	0.11765054460660114	0.3567902662747882	0.0537906847960966	0.5764840565241348	0.8001218200942923	0.6699213220377392	1.038604556278505	14225	29728
7	7	0.15098110338953574	0.5732717965729535	0.07083232771021	0.6163359259798559	0.8857825514144754	0.8390305950017117	1.3163944781906916	13370	28926
7	8	0.1883683989723939	0.5907398057170212	0.10207440932798764	0.6672071329728753	0.9783583312703946	0.8563108836338501	1.3921912665724603	12562	28135
7	9	0.24981378509377342	1.06171526802772	0.13589983050323148	0.7384936512945104	1.0886390058740998	1.1709862553388544	1.8469670696890763	11812	27349
7	10	0.2719260154124076	1.0512674953300916	0.13480316070749518	0.7944599579194656	1.187802358378061	1.1403216770938587	1.8636367511242462	11097	26575
7	11	0.35575003921985626	1.5595262287798977	0.2122357679681956	0.8539354617652546	1.2900605036578803	1.4182040223990124	2.254478679467219	10441	25815
7	12	0.37604859749863456	1.7568075506310714	0.32293335761066416	0.8945488431077468	1.3582836653350892	1.503902928397125	2.4334666575477724	9825	25066
Dataset: univ ;Number of epochs: 100
obs_len	pred_len	avg_train_loss	avg_test_loss	std_train_loss	avg_train_dispacement	final_train_displacement	avg_test_displacement	final_test_displacement	Num_train_peds	Num_Test_peds
8	2	0.029111445991958494	0.05415237933090053	0.014892991167593362	0.320691483371518	0.36344882541590084	0.2677796528869991	0.31675979285500455	16977	32183
8	3	0.041974686864751636	0.08164754133536407	0.020161952548532397	0.3625870753292954	0.45354572564517126	0.3267526382101077	0.43468110940896953	16025	31358
8	4	0.055838098146169884	0.12683309969815565	0.02709701132288941	0.4252917164498658	0.5544879003302058	0.40445320128818163	0.5742396074127694	15110	30540
8	5	0.07887779184305585	0.19094361526978448	0.0420990533346794	0.4647388784443913	0.6372522068406787	0.48147145646402145	0.727658023905708	14225	29728
8	6	0.1138730179011389	0.3401008838166793	0.08018385831884328	0.5478550947944473	0.761843590627033	0.6514945898168372	0.9949652081458273	13370	28926
8	7	0.14894751312756493	0.5018853299940625	0.07671382380417062	0.6006349402900025	0.8551618764833216	0.7952963798446974	1.2460182880882305	12562	28135
8	8	0.16712251658814836	0.6427974744617003	0.07866824910744621	0.6446566256007118	0.935157173865297	0.8924609197866836	1.4520292377923438	11812	27349
8	9	0.21489367702003545	1.0344525191796388	0.11119549478046888	0.7113485397686401	1.041569808387713	1.1271142006240966	1.8251288033832205	11097	26575
8	10	0.2465961753929916	1.1365126599191995	0.1338142779645481	0.7635736260616435	1.134184894291643	1.204712650264546	1.937791673683	10441	25815
8	11	0.2510343256808065	1.303318422719052	0.1358935120781425	0.7799438258535063	1.1872982182228338	1.2840864142927957	2.131963334848255	9825	25066
8	12	0.4108498404877117	1.915152857178136	0.26146586467338373	0.8540585945761712	1.3058724724675475	1.5658926607608747	2.52340283359899	9231	24334
Dataset: univ ;Number of epochs: 100
obs_len	pred_len	avg_train_loss	avg_test_loss	std_train_loss	avg_train_dispacement	final_train_displacement	avg_test_displacement	final_test_displacement	Num_train_peds	Num_Test_peds
9	2	0.03217358216880613	0.07277222440959258	0.016306701536198096	0.3271915520379613	0.3693161957113595	0.3156392066921894	0.3676768993107225	16025	31358
9	3	0.04567338171356243	0.11871969676697193	0.021868979497698265	0.36801356287833736	0.45690984891362924	0.38388606746693626	0.5027877446638296	15110	30540
9	4	0.06280614108337894	0.1480613061337891	0.04375672327391966	0.42719056135380384	0.5545276884202192	0.42791808144400617	0.6213705511949086	14225	29728
9	5	0.07412587342523512	0.20617526909336448	0.03680362815850509	0.46159729415424006	0.6287781091329361	0.5025274401372299	0.7611525335784278	13370	28926
9	6	0.10737798927075623	0.38419515003139776	0.05360513194438138	0.5307030368283995	0.7386181463525278	0.6988524285717443	1.0562795752244853	12562	28135
9	7	0.12908046633242612	0.47211180666354313	0.06417492704135985	0.5697592385136219	0.8144909683750349	0.7558351289018613	1.2175635043710367	11812	27349
9	8	0.16001361961509697	0.7494629936692603	0.08546612281461456	0.6232246332100959	0.9005224184676557	0.9753617430033711	1.5045544159680917	11097	26575
9	9	0.2047184243667544	1.0311543495243132	0.10651016227953132	0.6883961955669476	1.0101071950175293	1.1591357754366538	1.8005317988100675	10441	25815
9	10	0.22584063200912344	1.1927213800580878	0.12430012442254137	0.7179819736298478	1.06457652133584	1.2268861483592444	1.9320364081052626	9825	25066
9	11	0.28248540435631114	1.6081656857540734	0.15996913536564322	0.7720569039673921	1.1616725474079748	1.4555477343961543	2.2680794587961404	9231	24334
9	12	0.2905253887365136	1.6854257545773945	0.15391194324094007	0.8063346342948253	1.227560892329087	1.4571700746590883	2.3676470073264078	8666	23612
Dataset: univ ;Number of epochs: 100
obs_len	pred_len	avg_train_loss	avg_test_loss	std_train_loss	avg_train_dispacement	final_train_displacement	avg_test_displacement	final_test_displacement	Num_train_peds	Num_Test_peds
10	2	0.02758048749389591	0.06879525295810995	0.015822732274434505	0.3171829871337007	0.3571801849840266	0.3038506130102994	0.3616358966632149	15110	30540
10	3	0.037898264504142715	0.07674830424276041	0.020376516067703444	0.3610430475729308	0.4463862621705772	0.3060757600646589	0.41037847131524363	14225	29728
10	4	0.07268518907526768	0.2501421751609693	0.031826012961579976	0.4372010567786282	0.5687380638291817	0.5714101155834841	0.7761532404379619	13370	28926
10	5	0.0799493949874499	0.3370283603047331	0.0513803147589787	0.47931788635011163	0.6448786672911675	0.6421625703173135	0.926402919835327	12562	28135
10	6	0.1150258667321794	0.4100023584528119	0.05708222890045305	0.5263601007652675	0.7309122732130902	0.7209083159451858	1.0822861244247468	11812	27349
10	7	0.12731753491974226	0.5702896168094655	0.0626314476621833	0.5646616468176823	0.80209487760559	0.8333009967518863	1.293241290661825	11097	26575
10	8	0.17672017461767323	0.7936587873553731	0.09031745532647313	0.6018122846887286	0.8719705768914522	1.0227090608921596	1.5541693018983225	10441	25815
10	9	0.1831204849252597	0.9894717467458625	0.1020843219043157	0.6502460593293226	0.9532385442922727	1.1250451490865891	1.7324465078801627	9825	25066
10	10	0.20981455403559196	1.089970002048894	0.11559700642954636	0.7181828974394479	1.0579681990066805	1.1831087979991535	1.8833048619093653	9231	24334
10	11	0.254338341027121	1.4625207772330633	0.15258707215304718	0.7364397682421826	1.1070727660417958	1.3715521314012957	2.160516976832138	8666	23612
10	12	0.2967879635856507	1.627510804978628	0.17231690568165597	0.8146831495253923	1.237019389322346	1.4522888017635704	2.3108973063934917	8138	22903
Dataset: univ ;Number of epochs: 100
obs_len	pred_len	avg_train_loss	avg_test_loss	std_train_loss	avg_train_dispacement	final_train_displacement	avg_test_displacement	final_test_displacement	Num_train_peds	Num_Test_peds
11	2	0.028065493858162722	0.0660589326153765	0.01539823277588331	0.3093079609285301	0.3473560785196226	0.28263506248047926	0.3278269520883918	14225	29728
11	3	0.04932768596420758	0.12165891196733962	0.02645178433446815	0.3691731837933321	0.4541849787085	0.38878464089111014	0.5026463754502344	13370	28926
11	4	0.054350184517498255	0.1457088626921177	0.02391963886134638	0.41558153016256055	0.5393705556302376	0.43133602972094315	0.6034032676260556	12562	28135
11	5	0.08097317523927802	0.3157515468085624	0.03755250972393652	0.4662271226873969	0.6286291627581476	0.6381337431426574	0.9157347897073085	11812	27349
11	6	0.1026854230172979	0.40624661767045867	0.05234954165512572	0.5127177442075611	0.7081334723375637	0.7180413654366948	1.0663892988680366	11097	26575
11	7	0.12669974728078956	0.6972044441088332	0.06644531538413272	0.5687144456399701	0.7980302606193846	0.9484224846625258	1.4189000450460465	10441	25815
11	8	0.16092712684201266	0.8643091179822621	0.08972197213771431	0.6129789930165577	0.8737422000883979	1.0490189645578567	1.5967071628846878	9825	25066
11	9	0.1952122080211456	1.0327686535684686	0.11098886715088921	0.6677632905124031	0.9679248497058863	1.153458410043336	1.7713214042944596	9231	24334
11	10	0.21182413824562785	1.5150247534746846	0.11493234177633499	0.7197098981646801	1.0471346886577997	1.418054732203467	2.0659550836199543	8666	23612
11	11	0.26093246519783553	1.5712969858179648	0.15439889081234492	0.7557894568129317	1.1213942462988806	1.4217049169686882	2.2328739785347382	8138	22903
11	12	0.30990994834348934	1.808029049918765	0.2015320427263566	0.7936517276002923	1.193040426444588	1.5503012204616597	2.3480189702328786	7634	22209
